RANDOM SEQUENCES
n,lengthS,lengthT,MinCost
0,1190,1149,611;
1,2631,50000,47369;
2,1041,1282,642;
3,1111,1666,858;
4,2777,1000,1824;
5,11111,2040,9071;
6,2702,2000,1347;
7,1123,1162,612;
8,2083,1694,1050;
9,2173,3448,1805;
10,1234,1470,726;
11,1754,1298,883;
12,1724,1724,898;
13,12500,1492,11008;
14,1369,6250,4881;
15,2222,1282,1200;
16,33333,7142,26191;
17,33333,1176,32157;
18,5555,2272,3470;
19,1190,2040,1108;
20,1612,1282,805;
21,1785,3225,1777;
22,1515,2222,1136;
23,1960,1515,979;
24,1754,4545,2910;
25,20000,14285,10058;
26,1162,2941,1866;
27,2941,4000,1996;
28,1818,1010,1006;
29,2272,2040,1141;
30,8333,9090,4538;
31,5263,2000,3389;
32,1351,1612,811;
33,1470,2173,1122;
34,2380,3030,1509;
35,3030,2272,1527;
36,4166,2127,2377;
37,1639,1020,866;
38,4000,4545,2278;
39,16666,50000,33827;
40,1030,1219,608;
41,4000,1886,2373;
42,2439,50000,47561;
43,1250,11111,9861;
44,1754,1408,880;
45,1351,12500,11149;
46,3703,1470,2350;
47,1052,1020,533;
48,5882,2325,3722;
49,3571,1063,2522;
50,1851,12500,10649;
51,1754,1250,896;
52,8333,5263,4356;
53,2941,3448,1722;
54,2040,1886,1037;
55,1428,6250,4822;
56,3448,3333,1759;
57,2941,5000,2689;
58,2500,1428,1371;
59,10000,1612,8388;
60,1219,3571,2400;
61,50000,1428,48572;
62,3846,1515,2449;
63,1470,2857,1621;
64,3846,1176,2692;
65,1666,1136,852;
66,2222,2631,1319;
67,1265,1754,894;
68,7692,2380,5359;
69,2272,12500,10228;
70,1265,1282,667;
71,6666,2083,4632;
72,33333,1162,32171;
73,1298,2380,1321;
74,3448,4545,2272;
75,1785,4545,2885;
76,1315,1250,687;
77,2777,1515,1534;
78,1041,2777,1799;
79,1754,3225,1796;
80,1234,6250,5016;
81,3125,3333,1676;
82,2222,1851,1097;
83,6250,4000,3258;
84,4545,1250,3303;
85,1666,2083,1033;
86,3030,9090,6165;
87,1030,5263,4233;
88,4347,1041,3306;
89,1538,1010,798;
90,2222,9090,6868;
91,3030,33333,30303;
92,1694,7692,5998;
93,1250,5555,4305;
94,2857,2127,1438;
95,2272,1351,1216;
96,2500,6666,4313;
97,2564,5882,3573;
98,2631,33333,30702;
99,1010,5263,4253;
100,3225,2857,1610;
101,10000,2222,7778;
102,4000,3333,1990;
103,2564,2702,1374;
104,2631,4545,2438;
105,1234,1449,722;
106,1428,2000,988;
107,4347,10000,6087;
108,1052,1204,600;
109,2439,1075,1472;
110,3030,4347,2205;
111,1724,1041,924;
112,5000,3448,2542;
113,1010,5263,4253;
114,4761,11111,6814;
115,1470,2380,1269;
116,1587,3030,1703;
117,1234,12500,11266;
118,1282,2702,1593;
119,2380,1851,1186;
120,1587,1562,845;
121,1818,1886,964;
122,1960,2777,1411;
123,1052,12500,11448;
124,1333,1123,664;
125,1282,1265,680;
126,1428,1694,848;
127,1063,1408,708;
128,33333,11111,22545;
129,2083,1428,1071;
130,1333,1694,864;
131,2380,2380,1238;
132,1204,1388,700;
133,1234,1063,623;
134,1851,1960,1008;
135,1176,3225,2113;
136,1010,2325,1420;
137,1666,4166,2622;
138,1333,1000,675;
139,1538,1315,774;
140,1515,3571,2206;
141,9090,16666,9218;
142,1010,1351,679;
143,33333,3571,29762;
144,7142,1052,6090;
145,2857,3125,1575;
146,1063,2439,1488;
147,8333,1639,6694;
148,4000,2631,2054;
149,1315,1041,667;
150,16666,16666,8645;
151,1298,1041,648;
152,1136,5000,3864;
153,2941,1052,1943;
154,1492,6250,4758;
155,3571,1587,2162;
156,2222,1086,1300;
157,3225,6666,3872;
158,1086,1960,1077;
159,1020,4000,2981;
160,1123,1724,892;
161,1123,8333,7210;
162,1408,1538,790;
163,1538,4761,3270;
164,1408,1136,700;
165,11111,2777,8334;
166,1063,3125,2100;
167,1754,1369,876;
168,2500,20000,17500;
169,3571,3333,1817;
170,4347,33333,28986;
171,4000,1562,2547;
172,11111,6250,6065;
173,7692,1086,6606;
174,1204,1098,601;
175,1449,1428,759;
176,5000,4761,2551;
177,6250,1369,4881;
178,1694,1754,896;
179,1265,8333,7068;
180,2857,1162,1794;
181,1315,16666,15351;
182,2631,1075,1639;
183,1785,1754,928;
184,1063,2040,1148;
185,25000,1063,23937;
186,1123,1041,577;
187,4545,16666,12136;
188,1724,50000,48276;
189,4545,2083,2704;
190,12500,1923,10577;
191,2380,1136,1395;
192,1886,9090,7204;
193,1219,1190,623;
194,1923,2325,1157;
195,1785,2702,1373;
196,4166,7142,3845;
197,2272,1234,1252;
198,5555,5263,2813;
199,1369,1265,689;
200,1063,1041,560;
201,3571,1960,1981;
202,2702,2439,1347;
203,3333,3448,1754;
204,3448,1315,2220;
205,12500,20000,10458;
206,4347,1000,3347;
207,3333,1111,2260;
208,3030,2000,1558;
209,14285,7692,7923;
210,1694,1250,859;
211,3846,1408,2511;
212,14285,2857,11428;
213,3125,1639,1763;
214,2500,1538,1336;
215,1639,1219,831;
216,1010,1886,1061;
217,1265,3225,2048;
218,1818,1098,972;
219,8333,1234,7099;
220,1030,1754,946;
221,1075,1123,579;
222,2564,1333,1471;
223,1754,1190,896;
224,2083,20000,17917;
225,1136,4761,3625;
226,2777,25000,22223;
227,1886,4761,3019;
228,11111,3125,8010;
229,1162,1086,598;
230,3703,14285,10586;
231,1315,2173,1153;
232,2325,1298,1282;
233,2564,1785,1297;
234,5000,7142,3624;
235,1333,2040,1054;
236,2631,1724,1368;
237,1515,1234,755;
238,1492,20000,18508;
239,1075,2631,1649;
240,2040,1282,1089;
241,2857,100000,97143;
242,2272,1587,1152;
243,1562,1136,800;
244,1010,1265,637;
245,1851,1694,928;
246,1492,2857,1614;
247,2564,3333,1656;
248,25000,10000,15728;
249,1754,8333,6579;
250,4761,2380,2726;
251,2173,9090,6917;
252,5555,1515,4048;
253,2380,3571,1842;
254,2941,1162,1858;
255,1639,7142,5503;
256,3125,1538,1810;
257,1562,1960,970;
258,7692,1052,6640;
259,14285,1449,12836;
260,1315,2325,1272;
261,5555,8333,4280;
262,1851,4545,2847;
263,2380,5882,3687;
264,1075,1587,818;
265,1538,1923,957;
266,2500,3333,1674;
267,1785,20000,18215;
268,2857,1020,1889;
269,1030,5555,4525;
270,2040,1282,1080;
271,1587,2127,1072;
272,33333,1204,32129;
273,1470,1315,735;
274,5000,1369,3639;
275,1020,2439,1513;
276,2941,3448,1722;
277,1030,1612,836;
278,1265,1724,873;
279,6250,1818,4453;
280,9090,1075,8015;
281,1282,1538,758;
282,1470,1052,745;
283,1052,4347,3295;
284,2857,1086,1840;
285,3571,1851,2018;
286,1190,100000,98810;
287,2040,1250,1098;
288,1315,1886,958;
289,1136,1204,622;
290,1298,1265,665;
291,16666,1123,15543;
292,3030,1587,1711;
293,1204,1369,692;
294,1388,3333,2074;
295,1098,1351,679;
296,1111,6250,5139;
297,1204,3333,2197;
298,7142,3125,4335;
299,7142,1408,5734;
300,12500,1724,10776;
301,1282,7692,6410;
302,3703,1333,2432;
303,2222,7142,4966;
304,1086,1234,613;
305,1886,1162,1018;
306,1538,1428,787;
307,4347,8333,4684;
308,1785,1388,896;
309,1086,2631,1656;
310,2702,14285,11583;
311,1724,3030,1650;
312,1123,1123,598;
313,3125,3125,1615;
314,1098,1369,689;
315,14285,1818,12467;
316,2500,1639,1307;
317,1492,16666,15174;
318,8333,1470,6863;
319,14285,1538,12747;
320,2272,12500,10228;
321,1851,3125,1688;
322,3225,4166,2088;
323,2380,8333,5975;
324,2380,5882,3699;
325,3225,9090,6012;
326,2222,1587,1133;
327,1149,5000,3851;
328,2173,1333,1160;
329,1351,1052,671;
330,2040,1063,1164;
331,1333,7692,6359;
332,1724,1515,873;
333,2941,2222,1491;
334,1315,2777,1640;
335,1063,3225,2192;
336,1111,50000,48889;
337,1923,1351,977;
338,2564,50000,47436;
339,20000,1538,18462;
340,2777,1639,1491;
341,1052,1020,533;
342,1020,1612,836;
343,2040,1470,1015;
344,2325,2000,1167;
345,3703,1136,2588;
346,1086,6250,5164;
347,100000,1052,98948;
348,2439,7692,5319;
349,1754,2857,1510;
350,3030,33333,30303;
351,1587,1190,807;
352,1923,1123,1040;
353,16666,2127,14539;
354,3125,2380,1556;
355,2500,3448,1724;
356,9090,7142,4496;
357,2777,1923,1422;
358,1538,1000,812;
359,2173,1408,1135;
360,3703,5000,2522;
361,1333,1754,882;
362,1075,1754,932;
363,1000,20000,19000;
364,2083,1041,1188;
365,1694,1960,999;
366,1470,1063,740;
367,1960,1063,1094;
368,1562,1282,793;
369,1282,1492,748;
370,1851,1351,929;
371,1098,2000,1098;
372,12500,4545,8185;
373,1639,1923,960;
374,1587,1694,847;
375,1388,1369,716;
376,5882,3125,3285;
377,2083,1000,1223;
378,1388,1470,751;
379,1000,1886,1059;
380,1000,1960,1113;
381,1754,3846,2293;
382,25000,2222,22778;
383,1428,2857,1628;
384,5882,6250,3160;
385,3125,1149,2039;
386,1818,1515,910;
387,4347,2173,2491;
388,4347,20000,15653;
389,5263,2222,3234;
390,1020,3225,2229;
391,3225,1785,1776;
392,3225,1250,2057;
393,1315,1052,666;
394,1612,3703,2254;
395,2702,1315,1567;
396,1612,2272,1145;
397,1041,2272,1357;
398,5263,33333,28070;
399,6250,1136,5114;
400,5000,1020,3980;
401,4347,1694,2769;
402,1020,6250,5230;
403,2439,1010,1523;
404,2500,1030,1543;
405,1587,2857,1568;
406,2857,2941,1524;
407,4545,4545,2367;
408,1265,4761,3502;
409,1666,1123,867;
410,1190,5000,3810;
411,1333,4347,3036;
412,3030,1020,2055;
413,1538,2040,1024;
414,2127,2857,1425;
415,1587,2325,1202;
416,1470,11111,9641;
417,1123,1515,766;
418,4000,3703,2009;
419,1408,1754,870;
420,14285,1886,12399;
421,2857,3703,1849;
422,1020,9090,8070;
423,1298,2702,1590;
424,2857,1098,1830;
425,3846,4166,2098;
426,25000,3703,21297;
427,1333,1063,658;
428,1408,50000,48592;
429,1176,1250,633;
430,9090,1960,7130;
431,10000,4166,6179;
432,1388,1315,722;
433,1298,3333,2128;
434,1538,2857,1586;
435,2777,33333,30556;
436,1176,1818,951;
437,1562,6666,5104;
438,4545,1098,3447;
439,2083,3125,1606;
440,1219,1408,709;
441,1612,5263,3682;
442,3703,1000,2709;
443,33333,2439,30894;
444,4761,2040,2907;
445,1470,1111,744;
446,2083,1388,1081;
447,2631,7142,4651;
448,1063,1470,739;
449,14285,1041,13244;
450,2272,2380,1211;
451,1041,1136,572;
452,3846,1063,2788;
453,1265,7142,5877;
454,1282,1818,931;
455,7692,3030,4868;
456,4347,1449,2940;
457,1449,3846,2483;
458,3125,7692,4816;
459,2083,2040,1068;
460,1136,1960,1063;
461,1886,7142,5263;
462,1694,1000,908;
463,4000,2083,2264;
464,50000,14285,35825;
465,2439,1612,1270;
466,1851,1162,979;
467,50000,4761,45239;
468,1063,10000,8937;
469,1333,1388,723;
470,1960,2439,1234;
471,4761,1333,3441;
472,1315,1538,763;
473,14285,5000,9503;
474,7692,2173,5532;
475,1587,3333,1955;
476,2000,1515,1004;
477,1408,2857,1660;
478,3030,1538,1731;
479,1282,33333,32051;
480,1030,1162,585;
481,1086,3703,2630;
482,1219,1851,961;
483,1075,1960,1078;
484,2040,4761,2916;
485,2083,7692,5616;
486,1538,3030,1734;
487,1428,1923,971;
488,1754,3703,2177;
489,2127,1428,1095;
490,2000,1030,1133;
491,1851,2702,1378;
492,2500,1123,1498;
493,5263,6666,3308;
494,5555,2941,3119;
495,12500,1041,11459;
496,1265,1369,698;
497,6250,33333,27083;
498,3030,1388,1809;
499,1282,3703,2475;
500,1470,3030,1772;
501,7692,1000,6692;
502,8333,4000,4870;
503,3846,1449,2485;
504,1020,2222,1325;
505,3846,1041,2810;
506,5555,2380,3397;
507,3030,1010,2060;
508,1333,3571,2322;
509,3225,5000,2602;
510,100000,1020,98980;
511,5555,1351,4205;
512,3846,1162,2704;
513,1515,2040,1031;
514,3448,2173,1807;
515,1886,1351,953;
516,14285,2325,11960;
517,1724,7142,5418;
518,1020,10000,8980;
519,1515,1694,854;
520,1041,2500,1550;
521,1176,100000,98824;
522,2325,4166,2291;
523,6250,1282,4968;
524,1282,2083,1103;
525,1010,3333,2342;
526,100000,2500,97500;
527,3448,10000,6683;
528,1960,2380,1180;
529,2702,1190,1648;
530,1333,1612,805;
531,1315,1408,728;
532,3571,1010,2569;
533,2500,2272,1254;
534,1219,1886,978;
535,5263,5263,2726;
536,1123,1351,674;
537,50000,1351,48649;
538,10000,1041,8959;
539,1149,1020,593;
540,8333,1369,6964;
541,4545,1250,3301;
542,1149,1052,586;
543,2702,1408,1521;
544,2083,1818,1038;
545,3125,3448,1743;
546,1515,4761,3280;
547,2325,1052,1401;
548,4166,1754,2569;
549,2702,3333,1659;
550,1428,1000,737;
551,1587,20000,18413;
552,1282,2564,1485;
553,1041,1111,562;
554,1149,3333,2228;
555,1785,1587,899;
556,1063,1136,577;
557,5000,1204,3796;
558,4000,3571,2001;
559,1282,6666,5384;
560,1000,5263,4263;
561,14285,5882,8910;
562,3846,1960,2189;
563,20000,100000,80000;
564,1612,2000,982;
565,1041,1960,1108;
566,1470,3846,2471;
567,3846,5882,3039;
568,2040,4000,2280;
569,3571,2941,1779;
570,1449,1562,795;
571,1587,1449,809;
572,6666,2040,4659;
573,1470,1639,829;
574,1754,2040,1012;
575,9090,4000,5512;
576,2941,1388,1731;
577,2857,3225,1598;
578,1538,20000,18462;
579,1204,2040,1103;
580,1388,1562,774;
581,8333,1282,7051;
582,3571,2127,1905;
583,1000,1639,862;
584,1886,2941,1524;
585,1666,3448,2022;
586,3846,1351,2558;
587,1369,2173,1150;
588,1388,1612,804;
589,25000,3571,21429;
590,1449,3333,2030;
591,2380,1149,1394;
592,1282,1785,910;
593,1190,2439,1422;
594,1515,1098,780;
595,12500,1190,11310;
596,1492,2173,1124;
597,11111,3703,7526;
598,1886,1428,942;
599,1265,16666,15401;
task took 333.470000 seconds
----------------
COMPARE SET SEQUENCE WITH RANDOM SEQUENCES
n,lengthS,lengthT,MinCost;
0,1035,100000,98965;
1,1035,2127,1246;
2,1035,1923,1076;
3,1035,1515,779;
4,1035,1470,746;
5,1035,1190,591;
6,1035,11111,10076;
7,1035,1063,551;
8,1035,4000,2968;
9,1035,1020,535;
10,1035,1315,655;
11,1035,2439,1506;
12,1035,1010,539;
13,1035,1612,837;
14,1035,1886,1048;
15,1035,4761,3726;
16,1035,2439,1503;
17,1035,3448,2434;
18,1035,1315,657;
19,1035,1000,519;
20,1035,1176,599;
21,1035,3125,2127;
22,1035,1250,627;
23,1035,1333,667;
24,1035,2325,1410;
25,1035,4166,3133;
26,1035,1162,596;
27,1035,1250,628;
28,1035,4761,3726;
29,1035,3125,2120;
30,1035,33333,32298;
31,1035,3846,2818;
32,1035,1666,887;
33,1035,1020,533;
34,1035,9090,8055;
35,1035,2222,1314;
36,1035,6250,5215;
37,1035,1428,720;
38,1035,7692,6657;
39,1035,1315,661;
40,1035,1250,621;
41,1035,1041,547;
42,1035,1785,986;
43,1035,3703,2675;
44,1035,1492,763;
45,1035,1724,921;
46,1035,1190,602;
47,1035,12500,11465;
48,1035,4000,2968;
49,1035,1265,632;
50,1035,12500,11465;
51,1035,1000,532;
52,1035,9090,8055;
53,1035,1282,634;
54,1035,3571,2547;
55,1035,1449,747;
56,1035,1111,560;
57,1035,1250,625;
58,1035,1086,562;
59,1035,4545,3510;
60,1035,1063,549;
61,1035,14285,13250;
62,1035,2272,1361;
63,1035,14285,13250;
64,1035,1470,745;
65,1035,2439,1497;
66,1035,5263,4228;
67,1035,12500,11465;
68,1035,1123,575;
69,1035,1000,544;
70,1035,2702,1735;
71,1035,2222,1322;
72,1035,10000,8965;
73,1035,1190,595;
74,1035,3125,2120;
75,1035,2173,1273;
76,1035,4761,3726;
77,1035,1562,800;
78,1035,1351,662;
79,1035,1960,1110;
80,1035,3225,2219;
81,1035,20000,18965;
82,1035,5263,4228;
83,1035,1369,673;
84,1035,1754,939;
85,1035,1000,528;
86,1035,11111,10076;
87,1035,1408,718;
88,1035,1818,1001;
89,1035,2439,1502;
90,1035,3333,2316;
91,1035,1265,625;
92,1035,1351,681;
93,1035,1428,722;
94,1035,1020,545;
95,1035,100000,98965;
96,1035,1351,679;
97,1035,3571,2546;
98,1035,1075,561;
99,1035,1098,558;
100,1035,1282,644;
101,1035,1388,701;
102,1035,2222,1318;
103,1035,5882,4847;
104,1035,1538,794;
105,1035,1282,635;
106,1035,1470,748;
107,1035,14285,13250;
108,1035,7692,6657;
109,1035,1075,561;
110,1035,1086,554;
111,1035,3571,2547;
112,1035,1234,610;
113,1035,10000,8965;
114,1035,1149,583;
115,1035,2272,1360;
116,1035,16666,15631;
117,1035,5000,3965;
118,1035,1123,572;
119,1035,2173,1273;
120,1035,1818,991;
121,1035,3448,2428;
122,1035,1666,875;
123,1035,7692,6657;
124,1035,1369,689;
125,1035,4000,2968;
126,1035,7692,6657;
127,1035,4166,3132;
128,1035,1408,709;
129,1035,2380,1452;
130,1035,7692,6657;
131,1035,1960,1105;
132,1035,1250,623;
133,1035,1219,614;
134,1035,50000,48965;
135,1035,1315,654;
136,1035,5882,4847;
137,1035,1960,1110;
138,1035,6250,5215;
139,1035,2777,1802;
140,1035,2040,1173;
141,1035,4761,3726;
142,1035,1428,730;
143,1035,1408,707;
144,1035,1408,715;
145,1035,4347,3312;
146,1035,1063,547;
147,1035,1162,590;
148,1035,5882,4847;
149,1035,2380,1450;
150,1035,1492,760;
151,1035,2272,1362;
152,1035,4545,3510;
153,1035,25000,23965;
154,1035,1428,730;
155,1035,2222,1302;
156,1035,2000,1140;
157,1035,1923,1082;
158,1035,1030,536;
159,1035,11111,10076;
160,1035,1428,724;
161,1035,1724,928;
162,1035,1075,560;
163,1035,3703,2678;
164,1035,1754,947;
165,1035,2222,1312;
166,1035,2272,1363;
167,1035,1315,661;
168,1035,1086,555;
169,1035,12500,11465;
170,1035,1886,1048;
171,1035,1515,777;
172,1035,1562,815;
173,1035,1639,856;
174,1035,1086,560;
175,1035,6250,5215;
176,1035,1562,801;
177,1035,1204,604;
178,1035,1587,826;
179,1035,2127,1238;
180,1035,3448,2428;
181,1035,2083,1201;
182,1035,2500,1552;
183,1035,1724,928;
184,1035,1388,703;
185,1035,5263,4228;
186,1035,2857,1880;
187,1035,4545,3510;
188,1035,5000,3965;
189,1035,10000,8965;
190,1035,4166,3131;
191,1035,1587,835;
192,1035,1111,570;
193,1035,1851,1011;
194,1035,1098,558;
195,1035,7692,6657;
196,1035,1086,563;
197,1035,5882,4847;
198,1035,6250,5215;
199,1035,1886,1050;
200,1035,1041,534;
201,1035,1694,904;
202,1035,12500,11465;
203,1035,9090,8055;
204,1035,1298,645;
205,1035,1075,543;
206,1035,11111,10076;
207,1035,11111,10076;
208,1035,4545,3510;
209,1035,1098,559;
210,1035,2941,1959;
211,1035,2272,1362;
212,1035,1250,631;
213,1035,12500,11465;
214,1035,1333,675;
215,1035,100000,98965;
216,1035,1204,596;
217,1035,1612,850;
218,1035,2127,1240;
219,1035,4761,3726;
220,1035,11111,10076;
221,1035,1176,594;
222,1035,4347,3312;
223,1035,1298,648;
224,1035,33333,32298;
225,1035,2439,1516;
226,1035,1587,828;
227,1035,2500,1555;
228,1035,3225,2218;
229,1035,4166,3131;
230,1035,1098,573;
231,1035,1020,529;
232,1035,1190,596;
233,1035,1333,668;
234,1035,1923,1074;
235,1035,1694,910;
236,1035,2173,1271;
237,1035,1369,686;
238,1035,1204,600;
239,1035,1052,540;
240,1035,5000,3965;
241,1035,1204,600;
242,1035,2857,1871;
243,1035,20000,18965;
244,1035,1234,619;
245,1035,3703,2673;
246,1035,1639,856;
247,1035,2000,1129;
248,1035,5000,3965;
249,1035,8333,7298;
250,1035,1492,756;
251,1035,4166,3131;
252,1035,9090,8055;
253,1035,1388,698;
254,1035,1851,1023;
255,1035,33333,32298;
256,1035,1333,673;
257,1035,1075,559;
258,1035,1449,738;
259,1035,1639,864;
260,1035,1234,627;
261,1035,1123,566;
262,1035,2702,1733;
263,1035,3448,2432;
264,1035,1886,1045;
265,1035,1694,895;
266,1035,1639,864;
267,1035,10000,8965;
268,1035,3333,2322;
269,1035,1562,802;
270,1035,2380,1441;
271,1035,7692,6657;
272,1035,1010,536;
273,1035,11111,10076;
274,1035,25000,23965;
275,1035,2040,1166;
276,1035,1886,1044;
277,1035,7142,6107;
278,1035,4545,3510;
279,1035,1000,536;
280,1035,25000,23965;
281,1035,1388,702;
282,1035,1612,849;
283,1035,2173,1277;
284,1035,50000,48965;
285,1035,1515,768;
286,1035,1111,572;
287,1035,6666,5631;
288,1035,4166,3132;
289,1035,2000,1131;
290,1035,1010,540;
291,1035,25000,23965;
292,1035,1010,553;
293,1035,1923,1076;
294,1035,1612,841;
295,1035,2500,1555;
296,1035,2941,1958;
297,1035,9090,8055;
298,1035,10000,8965;
299,1035,1123,567;
300,1035,1063,554;
301,1035,1111,568;
302,1035,2222,1319;
303,1035,5263,4228;
304,1035,1075,560;
305,1035,11111,10076;
306,1035,2500,1554;
307,1035,1086,553;
308,1035,1587,833;
309,1035,1234,625;
310,1035,5263,4228;
311,1035,1282,646;
312,1035,1265,631;
313,1035,1851,1021;
314,1035,100000,98965;
315,1035,3125,2124;
316,1035,6666,5631;
317,1035,33333,32298;
318,1035,1538,787;
319,1035,50000,48965;
320,1035,3333,2325;
321,1035,100000,98965;
322,1035,1030,543;
323,1035,2564,1614;
324,1035,5555,4520;
325,1035,1388,697;
326,1035,1388,696;
327,1035,1111,565;
328,1035,1851,1023;
329,1035,4545,3510;
330,1035,1470,745;
331,1035,100000,98965;
332,1035,6666,5631;
333,1035,3030,2037;
334,1035,1515,784;
335,1035,100000,98965;
336,1035,20000,18965;
337,1035,1785,966;
338,1035,1428,717;
339,1035,2631,1680;
340,1035,2222,1319;
341,1035,20000,18965;
342,1035,2857,1873;
343,1035,1369,681;
344,1035,1818,1006;
345,1035,4761,3726;
346,1035,1449,738;
347,1035,3448,2431;
348,1035,1086,561;
349,1035,3571,2547;
350,1035,1162,589;
351,1035,1136,571;
352,1035,11111,10076;
353,1035,2325,1406;
354,1035,3448,2430;
355,1035,1041,548;
356,1035,8333,7298;
357,1035,9090,8055;
358,1035,3448,2433;
359,1035,25000,23965;
360,1035,1666,884;
361,1035,1492,772;
362,1035,1250,626;
363,1035,2380,1457;
364,1035,2702,1736;
365,1035,14285,13250;
366,1035,1923,1084;
367,1035,4000,2968;
368,1035,1492,768;
369,1035,1818,992;
370,1035,1219,610;
371,1035,4166,3131;
372,1035,33333,32298;
373,1035,2500,1560;
374,1035,1265,641;
375,1035,5882,4847;
376,1035,16666,15631;
377,1035,1639,858;
378,1035,2272,1364;
379,1035,12500,11465;
380,1035,1639,866;
381,1035,1162,578;
382,1035,5000,3965;
383,1035,1219,619;
384,1035,8333,7298;
385,1035,1136,587;
386,1035,25000,23965;
387,1035,1111,561;
388,1035,1351,671;
389,1035,6250,5215;
390,1035,2380,1441;
391,1035,1030,549;
392,1035,1428,722;
393,1035,1388,693;
394,1035,1190,605;
395,1035,10000,8965;
396,1035,1020,532;
397,1035,1428,732;
398,1035,3703,2676;
399,1035,9090,8055;
400,1035,1111,565;
401,1035,1351,681;
402,1035,1075,557;
403,1035,6666,5631;
404,1035,1538,793;
405,1035,5263,4228;
406,1035,100000,98965;
407,1035,1369,675;
408,1035,2631,1667;
409,1035,1785,962;
410,1035,7692,6657;
411,1035,5000,3965;
412,1035,1136,577;
413,1035,6250,5215;
414,1035,1492,770;
415,1035,2777,1800;
416,1035,2222,1333;
417,1035,16666,15631;
418,1035,1492,758;
419,1035,50000,48965;
420,1035,3125,2119;
421,1035,3571,2551;
422,1035,2500,1563;
423,1035,3333,2324;
424,1035,1666,880;
425,1035,2380,1459;
426,1035,1408,707;
427,1035,4761,3726;
428,1035,1886,1036;
429,1035,1587,826;
430,1035,1086,552;
431,1035,7692,6657;
432,1035,1724,929;
433,1035,9090,8055;
434,1035,1818,997;
435,1035,20000,18965;
436,1035,1162,589;
437,1035,6666,5631;
438,1035,5263,4228;
439,1035,7142,6107;
440,1035,1639,863;
441,1035,1612,842;
442,1035,6666,5631;
443,1035,1388,695;
444,1035,1010,543;
445,1035,8333,7298;
446,1035,1000,543;
447,1035,11111,10076;
448,1035,1075,539;
449,1035,1098,563;
450,1035,3846,2817;
451,1035,2702,1728;
452,1035,1204,603;
453,1035,1492,763;
454,1035,1052,544;
455,1035,12500,11465;
456,1035,4761,3726;
457,1035,1176,596;
458,1035,1470,751;
459,1035,7142,6107;
460,1035,1408,716;
461,1035,5000,3965;
462,1035,8333,7298;
463,1035,1000,538;
464,1035,1369,674;
465,1035,1333,665;
466,1035,1333,675;
467,1035,11111,10076;
468,1035,1923,1080;
469,1035,2702,1744;
470,1035,1470,747;
471,1035,1298,641;
472,1035,12500,11465;
473,1035,1204,601;
474,1035,5000,3965;
475,1035,1785,968;
476,1035,5263,4228;
477,1035,14285,13250;
478,1035,1111,561;
479,1035,1000,544;
480,1035,4761,3726;
481,1035,4761,3726;
482,1035,1333,663;
483,1035,3333,2320;
484,1035,1470,733;
485,1035,7142,6107;
486,1035,2083,1199;
487,1035,1111,568;
488,1035,1923,1079;
489,1035,1315,650;
490,1035,9090,8055;
491,1035,4166,3131;
492,1035,7142,6107;
493,1035,4347,3312;
494,1035,1000,536;
495,1035,3225,2218;
496,1035,1639,852;
497,1035,9090,8055;
498,1035,7692,6657;
499,1035,1886,1044;
500,1035,1612,849;
501,1035,1428,719;
502,1035,2941,1955;
503,1035,1111,569;
504,1035,1408,720;
505,1035,1851,1022;
506,1035,2000,1148;
507,1035,4545,3510;
508,1035,16666,15631;
509,1035,1176,598;
510,1035,5882,4847;
511,1035,5555,4520;
512,1035,3333,2314;
513,1035,1851,1021;
514,1035,1250,631;
515,1035,4761,3726;
516,1035,1694,908;
517,1035,1408,700;
518,1035,2325,1404;
519,1035,4761,3726;
520,1035,3125,2130;
521,1035,1020,540;
522,1035,4347,3312;
523,1035,1923,1079;
524,1035,2777,1804;
525,1035,1785,970;
526,1035,12500,11465;
527,1035,1960,1097;
528,1035,1960,1105;
529,1035,1298,648;
530,1035,1818,997;
531,1035,1449,724;
532,1035,2272,1359;
533,1035,1136,577;
534,1035,4545,3510;
535,1035,1052,556;
536,1035,1587,831;
537,1035,2040,1158;
538,1035,1052,552;
539,1035,4000,2967;
540,1035,100000,98965;
541,1035,7692,6657;
542,1035,11111,10076;
543,1035,1176,593;
544,1035,10000,8965;
545,1035,10000,8965;
546,1035,5555,4520;
547,1035,2380,1460;
548,1035,33333,32298;
549,1035,2500,1551;
550,1035,5882,4847;
551,1035,8333,7298;
552,1035,1298,649;
553,1035,2777,1813;
554,1035,1298,653;
555,1035,2702,1743;
556,1035,1333,677;
557,1035,3703,2677;
558,1035,1851,1019;
559,1035,5000,3965;
560,1035,1098,568;
561,1035,1785,964;
562,1035,2439,1512;
563,1035,1562,817;
564,1035,1851,1028;
565,1035,2000,1145;
566,1035,6250,5215;
567,1035,25000,23965;
568,1035,1851,1017;
569,1035,1492,771;
570,1035,16666,15631;
571,1035,100000,98965;
572,1035,1030,537;
573,1035,2777,1801;
574,1035,25000,23965;
575,1035,1250,630;
576,1035,1428,723;
577,1035,1250,616;
578,1035,1176,591;
579,1035,3448,2423;
580,1035,1388,705;
581,1035,7692,6657;
582,1035,1960,1110;
583,1035,6666,5631;
584,1035,1923,1078;
585,1035,1538,793;
586,1035,4545,3510;
587,1035,1587,835;
588,1035,1298,648;
589,1035,2564,1601;
590,1035,2439,1503;
591,1035,4347,3312;
592,1035,4000,2966;
593,1035,1136,582;
594,1035,4000,2965;
595,1035,1098,564;
596,1035,1020,543;
597,1035,7142,6107;
598,1035,11111,10076;
599,1035,1123,574;
task took 86.930000 seconds
