RANDOM SEQUENCES
n,lengthS,lengthT,MinCost;
0,1190,1149,611;
1,2631,50000,47369;
2,1041,1282,642;
3,1111,1666,858;
4,2777,1000,1824;
5,11111,2040,9071;
6,2702,2000,1347;
7,1123,1162,612;
8,2083,1694,1050;
9,2173,3448,1805;
10,1234,1470,726;
11,1754,1298,883;
12,1724,1724,898;
13,12500,1492,11008;
14,1369,6250,4881;
15,2222,1282,1200;
16,33333,7142,26191;
17,33333,1176,32157;
18,5555,2272,3470;
19,1190,2040,1108;
20,1612,1282,805;
21,1785,3225,1777;
22,1515,2222,1136;
23,1960,1515,979;
24,1754,4545,2910;
25,20000,14285,10058;
26,1162,2941,1866;
27,2941,4000,1996;
28,1818,1010,1006;
29,2272,2040,1141;
30,8333,9090,4538;
31,5263,2000,3389;
32,1351,1612,811;
33,1470,2173,1122;
34,2380,3030,1509;
35,3030,2272,1527;
36,4166,2127,2377;
37,1639,1020,866;
38,4000,4545,2278;
39,16666,50000,33827;
40,1030,1219,608;
41,4000,1886,2373;
42,2439,50000,47561;
43,1250,11111,9861;
44,1754,1408,880;
45,1351,12500,11149;
46,3703,1470,2350;
47,1052,1020,533;
48,5882,2325,3722;
49,3571,1063,2522;
50,1851,12500,10649;
51,1754,1250,896;
52,8333,5263,4356;
53,2941,3448,1722;
54,2040,1886,1037;
55,1428,6250,4822;
56,3448,3333,1759;
57,2941,5000,2689;
58,2500,1428,1371;
59,10000,1612,8388;
60,1219,3571,2400;
61,50000,1428,48572;
62,3846,1515,2449;
63,1470,2857,1621;
64,3846,1176,2692;
65,1666,1136,852;
66,2222,2631,1319;
67,1265,1754,894;
68,7692,2380,5359;
69,2272,12500,10228;
70,1265,1282,667;
71,6666,2083,4632;
72,33333,1162,32171;
73,1298,2380,1321;
74,3448,4545,2272;
75,1785,4545,2885;
76,1315,1250,687;
77,2777,1515,1534;
78,1041,2777,1799;
79,1754,3225,1796;
80,1234,6250,5016;
81,3125,3333,1676;
82,2222,1851,1097;
83,6250,4000,3258;
84,4545,1250,3303;
85,1666,2083,1033;
86,3030,9090,6165;
87,1030,5263,4233;
88,4347,1041,3306;
89,1538,1010,798;
90,2222,9090,6868;
91,3030,33333,30303;
92,1694,7692,5998;
93,1250,5555,4305;
94,2857,2127,1438;
95,2272,1351,1216;
96,2500,6666,4313;
97,2564,5882,3573;
98,2631,33333,30702;
99,1010,5263,4253;
100,3225,2857,1610;
101,10000,2222,7778;
102,4000,3333,1990;
103,2564,2702,1374;
104,2631,4545,2438;
105,1234,1449,722;
106,1428,2000,988;
107,4347,10000,6087;
108,1052,1204,600;
109,2439,1075,1472;
110,3030,4347,2205;
111,1724,1041,924;
112,5000,3448,2542;
113,1010,5263,4253;
114,4761,11111,6814;
115,1470,2380,1269;
116,1587,3030,1703;
117,1234,12500,11266;
118,1282,2702,1593;
119,2380,1851,1186;
120,1587,1562,845;
121,1818,1886,964;
122,1960,2777,1411;
123,1052,12500,11448;
124,1333,1123,664;
125,1282,1265,680;
126,1428,1694,848;
127,1063,1408,708;
128,33333,11111,22545;
129,2083,1428,1071;
130,1333,1694,864;
131,2380,2380,1238;
132,1204,1388,700;
133,1234,1063,623;
134,1851,1960,1008;
135,1176,3225,2113;
136,1010,2325,1420;
137,1666,4166,2622;
138,1333,1000,675;
139,1538,1315,774;
140,1515,3571,2206;
141,9090,16666,9218;
142,1010,1351,679;
143,33333,3571,29762;
144,7142,1052,6090;
145,2857,3125,1575;
146,1063,2439,1488;
147,8333,1639,6694;
148,4000,2631,2054;
149,1315,1041,667;
150,16666,16666,8645;
151,1298,1041,648;
152,1136,5000,3864;
153,2941,1052,1943;
154,1492,6250,4758;
155,3571,1587,2162;
156,2222,1086,1300;
157,3225,6666,3872;
158,1086,1960,1077;
159,1020,4000,2981;
160,1123,1724,892;
161,1123,8333,7210;
162,1408,1538,790;
163,1538,4761,3270;
164,1408,1136,700;
165,11111,2777,8334;
166,1063,3125,2100;
167,1754,1369,876;
168,2500,20000,17500;
169,3571,3333,1817;
170,4347,33333,28986;
171,4000,1562,2547;
172,11111,6250,6065;
173,7692,1086,6606;
174,1204,1098,601;
175,1449,1428,759;
176,5000,4761,2551;
177,6250,1369,4881;
178,1694,1754,896;
179,1265,8333,7068;
180,2857,1162,1794;
181,1315,16666,15351;
182,2631,1075,1639;
183,1785,1754,928;
184,1063,2040,1148;
185,25000,1063,23937;
186,1123,1041,577;
187,4545,16666,12136;
188,1724,50000,48276;
189,4545,2083,2704;
190,12500,1923,10577;
191,2380,1136,1395;
192,1886,9090,7204;
193,1219,1190,623;
194,1923,2325,1157;
195,1785,2702,1373;
196,4166,7142,3845;
197,2272,1234,1252;
198,5555,5263,2813;
199,1369,1265,689;
task took 113.460000 seconds
----------------
COMPARE SET SEQUENCE WITH RANDOM SEQUENCES
n,lengthS,lengthT,MinCost;
0,1035,1063,545;
1,1035,10000,8965;
2,1035,14285,13250;
3,1035,1000,537;
4,1035,2222,1316;
5,1035,1190,597;
6,1035,4347,3312;
7,1035,1234,619;
8,1035,1149,582;
9,1035,3030,2039;
10,1035,25000,23965;
11,1035,2325,1400;
12,1035,6250,5215;
13,1035,3846,2815;
14,1035,16666,15631;
15,1035,1010,541;
16,1035,2564,1612;
17,1035,2941,1952;
18,1035,6666,5631;
19,1035,11111,10076;
20,1035,1075,555;
21,1035,1388,691;
22,1035,1639,855;
23,1035,6666,5631;
24,1035,6666,5631;
25,1035,1818,988;
26,1035,1754,929;
27,1035,3030,2032;
28,1035,3030,2037;
29,1035,1754,946;
30,1035,1075,561;
31,1035,1923,1069;
32,1035,2325,1409;
33,1035,8333,7298;
34,1035,1960,1090;
35,1035,2777,1805;
36,1035,1234,618;
37,1035,2127,1245;
38,1035,4761,3726;
39,1035,2941,1950;
40,1035,100000,98965;
41,1035,2000,1149;
42,1035,9090,8055;
43,1035,6250,5215;
44,1035,20000,18965;
45,1035,1960,1105;
46,1035,1515,776;
47,1035,5555,4520;
48,1035,1587,824;
49,1035,2000,1134;
50,1035,1587,834;
51,1035,3225,2217;
52,1035,2083,1218;
53,1035,2777,1802;
54,1035,1515,778;
55,1035,1369,699;
56,1035,4347,3312;
57,1035,1204,611;
58,1035,1428,731;
59,1035,4545,3510;
60,1035,25000,23965;
61,1035,33333,32298;
62,1035,1020,545;
63,1035,1162,583;
64,1035,3448,2431;
65,1035,11111,10076;
66,1035,1612,843;
67,1035,1515,784;
68,1035,1639,875;
69,1035,1010,541;
70,1035,1333,663;
71,1035,1111,573;
72,1035,1886,1041;
73,1035,5882,4847;
74,1035,3703,2675;
75,1035,1369,694;
76,1035,1123,572;
77,1035,1234,619;
78,1035,2380,1453;
79,1035,1219,609;
80,1035,5263,4228;
81,1035,1492,760;
82,1035,1923,1063;
83,1035,1052,554;
84,1035,1639,864;
85,1035,1162,580;
86,1035,1724,916;
87,1035,1176,595;
88,1035,3448,2431;
89,1035,1176,602;
90,1035,1923,1071;
91,1035,1639,865;
92,1035,1449,732;
93,1035,1136,573;
94,1035,1666,882;
95,1035,1020,539;
96,1035,3225,2220;
97,1035,3030,2031;
98,1035,1250,635;
99,1035,6250,5215;
100,1035,2564,1607;
101,1035,3125,2129;
102,1035,1086,553;
103,1035,2564,1618;
104,1035,1388,704;
105,1035,2000,1136;
106,1035,25000,23965;
107,1035,1204,605;
108,1035,4347,3312;
109,1035,1515,786;
110,1035,1250,631;
111,1035,2702,1738;
112,1035,3571,2545;
113,1035,2083,1197;
114,1035,7692,6657;
115,1035,25000,23965;
116,1035,3703,2673;
117,1035,2380,1451;
118,1035,5000,3965;
119,1035,1234,611;
120,1035,1724,922;
121,1035,8333,7298;
122,1035,25000,23965;
123,1035,1149,587;
124,1035,1219,613;
125,1035,1041,550;
126,1035,2272,1363;
127,1035,1538,785;
128,1035,1562,809;
129,1035,1075,555;
130,1035,33333,32298;
131,1035,1098,576;
132,1035,33333,32298;
133,1035,1428,714;
134,1035,33333,32298;
135,1035,1176,597;
136,1035,1086,561;
137,1035,7142,6107;
138,1035,2702,1741;
139,1035,1886,1064;
140,1035,1694,903;
141,1035,10000,8965;
142,1035,1010,536;
143,1035,1694,889;
144,1035,1123,565;
145,1035,2857,1881;
146,1035,1388,687;
147,1035,4166,3131;
148,1035,1010,533;
149,1035,1063,556;
150,1035,1785,966;
151,1035,7142,6107;
152,1035,1923,1073;
153,1035,1470,738;
154,1035,2222,1328;
155,1035,2127,1241;
156,1035,5000,3965;
157,1035,1470,747;
158,1035,1219,603;
159,1035,1538,795;
160,1035,1428,714;
161,1035,1204,604;
162,1035,1020,547;
163,1035,1176,592;
164,1035,1333,677;
165,1035,3703,2676;
166,1035,3030,2034;
167,1035,2380,1454;
168,1035,2631,1671;
169,1035,100000,98965;
170,1035,7692,6657;
171,1035,25000,23965;
172,1035,1666,888;
173,1035,1063,552;
174,1035,2040,1172;
175,1035,2127,1230;
176,1035,1351,677;
177,1035,3225,2220;
178,1035,5263,4228;
179,1035,1162,588;
180,1035,14285,13250;
181,1035,1388,715;
182,1035,1030,548;
183,1035,14285,13250;
184,1035,1562,805;
185,1035,1000,530;
186,1035,1149,582;
187,1035,2083,1202;
188,1035,2380,1461;
189,1035,1612,843;
190,1035,1785,966;
191,1035,3030,2033;
192,1035,1123,572;
193,1035,1123,574;
194,1035,1176,582;
195,1035,1298,652;
196,1035,100000,98965;
197,1035,5000,3965;
198,1035,1333,667;
199,1035,1265,627;
task took 26.940000 seconds
