RANDOM SEQUENCES
n,lengthS,lengthT,MinCost
0,1190,1149,611;
1,2631,50000,47369;
2,1041,1282,642;
3,1111,1666,858;
4,2777,1000,1824;
5,11111,2040,9071;
6,2702,2000,1347;
7,1123,1162,612;
8,2083,1694,1050;
9,2173,3448,1805;
10,1234,1470,726;
11,1754,1298,883;
12,1724,1724,898;
13,12500,1492,11008;
14,1369,6250,4881;
15,2222,1282,1200;
16,33333,7142,26191;
17,33333,1176,32157;
18,5555,2272,3470;
19,1190,2040,1108;
20,1612,1282,805;
21,1785,3225,1777;
22,1515,2222,1136;
23,1960,1515,979;
24,1754,4545,2910;
25,20000,14285,10058;
26,1162,2941,1866;
27,2941,4000,1996;
28,1818,1010,1006;
29,2272,2040,1141;
30,8333,9090,4538;
31,5263,2000,3389;
32,1351,1612,811;
33,1470,2173,1122;
34,2380,3030,1509;
35,3030,2272,1527;
36,4166,2127,2377;
37,1639,1020,866;
38,4000,4545,2278;
39,16666,50000,33827;
40,1030,1219,608;
41,4000,1886,2373;
42,2439,50000,47561;
43,1250,11111,9861;
44,1754,1408,880;
45,1351,12500,11149;
46,3703,1470,2350;
47,1052,1020,533;
48,5882,2325,3722;
49,3571,1063,2522;
50,1851,12500,10649;
51,1754,1250,896;
52,8333,5263,4356;
53,2941,3448,1722;
54,2040,1886,1037;
55,1428,6250,4822;
56,3448,3333,1759;
57,2941,5000,2689;
58,2500,1428,1371;
59,10000,1612,8388;
60,1219,3571,2400;
61,50000,1428,48572;
62,3846,1515,2449;
63,1470,2857,1621;
64,3846,1176,2692;
65,1666,1136,852;
66,2222,2631,1319;
67,1265,1754,894;
68,7692,2380,5359;
69,2272,12500,10228;
70,1265,1282,667;
71,6666,2083,4632;
72,33333,1162,32171;
73,1298,2380,1321;
74,3448,4545,2272;
75,1785,4545,2885;
76,1315,1250,687;
77,2777,1515,1534;
78,1041,2777,1799;
79,1754,3225,1796;
80,1234,6250,5016;
81,3125,3333,1676;
82,2222,1851,1097;
83,6250,4000,3258;
84,4545,1250,3303;
85,1666,2083,1033;
86,3030,9090,6165;
87,1030,5263,4233;
88,4347,1041,3306;
89,1538,1010,798;
90,2222,9090,6868;
91,3030,33333,30303;
92,1694,7692,5998;
93,1250,5555,4305;
94,2857,2127,1438;
95,2272,1351,1216;
96,2500,6666,4313;
97,2564,5882,3573;
98,2631,33333,30702;
99,1010,5263,4253;
task took 64.710000 seconds
----------------
COMPARE SET SEQUENCE WITH RANDOM SEQUENCES
n,lengthS,lengthT,MinCost;
0,1035,3225,2224;
1,1035,14285,13250;
2,1035,1612,837;
3,1035,1754,943;
4,1035,16666,15631;
5,1035,11111,10076;
6,1035,1030,543;
7,1035,3846,2815;
8,1035,2500,1572;
9,1035,1754,942;
10,1035,6250,5215;
11,1035,1492,767;
12,1035,1694,896;
13,1035,1136,580;
14,1035,2127,1231;
15,1035,1470,758;
16,1035,3225,2221;
17,1035,14285,13250;
18,1035,1123,562;
19,1035,1041,542;
20,1035,1449,736;
21,1035,1754,955;
22,1035,14285,13250;
23,1035,1020,535;
24,1035,1265,632;
25,1035,1587,823;
26,1035,1428,723;
27,1035,1369,681;
28,1035,2380,1462;
29,1035,5263,4228;
30,1035,1030,541;
31,1035,1298,661;
32,1035,1666,883;
33,1035,2380,1455;
34,1035,1052,546;
35,1035,5263,4228;
36,1035,1010,542;
37,1035,1470,765;
38,1035,2272,1363;
39,1035,14285,13250;
40,1035,1265,636;
41,1035,2325,1413;
42,1035,1562,806;
43,1035,2777,1801;
44,1035,4545,3510;
45,1035,2500,1568;
46,1035,50000,48965;
47,1035,2127,1249;
48,1035,4545,3510;
49,1035,4000,2967;
50,1035,5000,3965;
51,1035,1639,857;
52,1035,2040,1166;
53,1035,1162,603;
54,1035,1162,588;
55,1035,4166,3131;
56,1035,2272,1360;
57,1035,16666,15631;
58,1035,1298,654;
59,1035,2127,1239;
60,1035,1333,673;
61,1035,3846,2818;
62,1035,2380,1454;
63,1035,10000,8965;
64,1035,1111,569;
65,1035,1754,945;
66,1035,1428,726;
67,1035,1351,680;
68,1035,3125,2128;
69,1035,2272,1357;
70,1035,4347,3312;
71,1035,50000,48965;
72,1035,2272,1371;
73,1035,1886,1037;
74,1035,3448,2430;
75,1035,1754,944;
76,1035,1515,790;
77,1035,1020,535;
78,1035,14285,13250;
79,1035,1612,849;
80,1035,4545,3510;
81,1035,1960,1095;
82,1035,4761,3726;
83,1035,1149,565;
84,1035,1470,741;
85,1035,1470,762;
86,1035,4000,2966;
87,1035,2040,1168;
88,1035,6250,5215;
89,1035,1250,620;
90,1035,1960,1102;
91,1035,1754,955;
92,1035,4761,3726;
93,1035,1587,832;
94,1035,2222,1321;
95,1035,1785,970;
96,1035,1333,661;
97,1035,1515,781;
98,1035,1219,619;
99,1035,2777,1801;
task took 10.130000 seconds
