RANDOM SEQUENCES
lengthS,lengthT,MinCost;
1190,1149,611;
2631,50000,47369;
1041,1282,642;
1111,1666,858;
2777,1000,1824;
11111,2040,9071;
2702,2000,1347;
1123,1162,612;
2083,1694,1050;
2173,3448,1805;
1234,1470,726;
1754,1298,883;
1724,1724,898;
12500,1492,11008;
1369,6250,4881;
2222,1282,1200;
33333,7142,26191;
33333,1176,32157;
5555,2272,3470;
1190,2040,1108;
1612,1282,805;
1785,3225,1777;
1515,2222,1136;
1960,1515,979;
1754,4545,2910;
20000,14285,10058;
1162,2941,1866;
2941,4000,1996;
1818,1010,1006;
2272,2040,1141;
8333,9090,4538;
5263,2000,3389;
1351,1612,811;
1470,2173,1122;
2380,3030,1509;
3030,2272,1527;
4166,2127,2377;
1639,1020,866;
4000,4545,2278;
16666,50000,33827;
1030,1219,608;
4000,1886,2373;
2439,50000,47561;
1250,11111,9861;
1754,1408,880;
1351,12500,11149;
3703,1470,2350;
1052,1020,533;
5882,2325,3722;
3571,1063,2522;
1851,12500,10649;
1754,1250,896;
8333,5263,4356;
2941,3448,1722;
2040,1886,1037;
1428,6250,4822;
3448,3333,1759;
2941,5000,2689;
2500,1428,1371;
10000,1612,8388;
1219,3571,2400;
50000,1428,48572;
3846,1515,2449;
1470,2857,1621;
3846,1176,2692;
1666,1136,852;
2222,2631,1319;
1265,1754,894;
7692,2380,5359;
2272,12500,10228;
1265,1282,667;
6666,2083,4632;
33333,1162,32171;
1298,2380,1321;
3448,4545,2272;
1785,4545,2885;
1315,1250,687;
2777,1515,1534;
1041,2777,1799;
1754,3225,1796;
1234,6250,5016;
3125,3333,1676;
2222,1851,1097;
6250,4000,3258;
4545,1250,3303;
1666,2083,1033;
3030,9090,6165;
1030,5263,4233;
4347,1041,3306;
1538,1010,798;
2222,9090,6868;
3030,33333,30303;
1694,7692,5998;
1250,5555,4305;
2857,2127,1438;
2272,1351,1216;
2500,6666,4313;
2564,5882,3573;
2631,33333,30702;
1010,5263,4253;
3225,2857,1610;
10000,2222,7778;
4000,3333,1990;
2564,2702,1374;
2631,4545,2438;
1234,1449,722;
1428,2000,988;
4347,10000,6087;
1052,1204,600;
2439,1075,1472;
3030,4347,2205;
1724,1041,924;
5000,3448,2542;
1010,5263,4253;
4761,11111,6814;
1470,2380,1269;
1587,3030,1703;
1234,12500,11266;
1282,2702,1593;
2380,1851,1186;
1587,1562,845;
1818,1886,964;
1960,2777,1411;
1052,12500,11448;
1333,1123,664;
1282,1265,680;
1428,1694,848;
1063,1408,708;
33333,11111,22545;
2083,1428,1071;
1333,1694,864;
2380,2380,1238;
1204,1388,700;
1234,1063,623;
1851,1960,1008;
1176,3225,2113;
1010,2325,1420;
1666,4166,2622;
1333,1000,675;
1538,1315,774;
1515,3571,2206;
9090,16666,9218;
1010,1351,679;
33333,3571,29762;
7142,1052,6090;
2857,3125,1575;
1063,2439,1488;
8333,1639,6694;
4000,2631,2054;
1315,1041,667;
16666,16666,8645;
1298,1041,648;
1136,5000,3864;
2941,1052,1943;
1492,6250,4758;
3571,1587,2162;
2222,1086,1300;
3225,6666,3872;
1086,1960,1077;
1020,4000,2981;
1123,1724,892;
1123,8333,7210;
1408,1538,790;
1538,4761,3270;
1408,1136,700;
11111,2777,8334;
1063,3125,2100;
1754,1369,876;
2500,20000,17500;
3571,3333,1817;
4347,33333,28986;
4000,1562,2547;
11111,6250,6065;
7692,1086,6606;
1204,1098,601;
1449,1428,759;
5000,4761,2551;
6250,1369,4881;
1694,1754,896;
1265,8333,7068;
2857,1162,1794;
1315,16666,15351;
2631,1075,1639;
1785,1754,928;
1063,2040,1148;
25000,1063,23937;
1123,1041,577;
4545,16666,12136;
1724,50000,48276;
4545,2083,2704;
12500,1923,10577;
2380,1136,1395;
1886,9090,7204;
1219,1190,623;
1923,2325,1157;
1785,2702,1373;
4166,7142,3845;
2272,1234,1252;
5555,5263,2813;
1369,1265,689;
1063,1041,560;
3571,1960,1981;
2702,2439,1347;
3333,3448,1754;
3448,1315,2220;
12500,20000,10458;
4347,1000,3347;
3333,1111,2260;
3030,2000,1558;
14285,7692,7923;
1694,1250,859;
3846,1408,2511;
14285,2857,11428;
3125,1639,1763;
2500,1538,1336;
1639,1219,831;
1010,1886,1061;
1265,3225,2048;
1818,1098,972;
8333,1234,7099;
1030,1754,946;
1075,1123,579;
2564,1333,1471;
1754,1190,896;
2083,20000,17917;
1136,4761,3625;
2777,25000,22223;
1886,4761,3019;
11111,3125,8010;
1162,1086,598;
3703,14285,10586;
1315,2173,1153;
2325,1298,1282;
2564,1785,1297;
5000,7142,3624;
1333,2040,1054;
2631,1724,1368;
1515,1234,755;
1492,20000,18508;
1075,2631,1649;
2040,1282,1089;
2857,100000,97143;
2272,1587,1152;
1562,1136,800;
1010,1265,637;
1851,1694,928;
1492,2857,1614;
2564,3333,1656;
25000,10000,15728;
1754,8333,6579;
4761,2380,2726;
2173,9090,6917;
5555,1515,4048;
2380,3571,1842;
2941,1162,1858;
1639,7142,5503;
3125,1538,1810;
1562,1960,970;
7692,1052,6640;
14285,1449,12836;
1315,2325,1272;
5555,8333,4280;
1851,4545,2847;
2380,5882,3687;
1075,1587,818;
1538,1923,957;
2500,3333,1674;
1785,20000,18215;
2857,1020,1889;
1030,5555,4525;
2040,1282,1080;
1587,2127,1072;
33333,1204,32129;
1470,1315,735;
5000,1369,3639;
1020,2439,1513;
2941,3448,1722;
1030,1612,836;
1265,1724,873;
6250,1818,4453;
9090,1075,8015;
1282,1538,758;
1470,1052,745;
1052,4347,3295;
2857,1086,1840;
3571,1851,2018;
1190,100000,98810;
2040,1250,1098;
1315,1886,958;
1136,1204,622;
1298,1265,665;
16666,1123,15543;
3030,1587,1711;
1204,1369,692;
1388,3333,2074;
1098,1351,679;
1111,6250,5139;
1204,3333,2197;
7142,3125,4335;
7142,1408,5734;
12500,1724,10776;
1282,7692,6410;
3703,1333,2432;
2222,7142,4966;
1086,1234,613;
1886,1162,1018;
1538,1428,787;
4347,8333,4684;
1785,1388,896;
1086,2631,1656;
2702,14285,11583;
1724,3030,1650;
1123,1123,598;
3125,3125,1615;
1098,1369,689;
14285,1818,12467;
2500,1639,1307;
1492,16666,15174;
8333,1470,6863;
14285,1538,12747;
2272,12500,10228;
1851,3125,1688;
3225,4166,2088;
2380,8333,5975;
2380,5882,3699;
3225,9090,6012;
2222,1587,1133;
1149,5000,3851;
2173,1333,1160;
1351,1052,671;
2040,1063,1164;
1333,7692,6359;
1724,1515,873;
2941,2222,1491;
1315,2777,1640;
1063,3225,2192;
1111,50000,48889;
1923,1351,977;
2564,50000,47436;
20000,1538,18462;
2777,1639,1491;
1052,1020,533;
1020,1612,836;
2040,1470,1015;
2325,2000,1167;
3703,1136,2588;
1086,6250,5164;
100000,1052,98948;
2439,7692,5319;
1754,2857,1510;
3030,33333,30303;
1587,1190,807;
1923,1123,1040;
16666,2127,14539;
3125,2380,1556;
2500,3448,1724;
9090,7142,4496;
2777,1923,1422;
1538,1000,812;
2173,1408,1135;
3703,5000,2522;
1333,1754,882;
1075,1754,932;
1000,20000,19000;
2083,1041,1188;
1694,1960,999;
1470,1063,740;
1960,1063,1094;
1562,1282,793;
1282,1492,748;
1851,1351,929;
1098,2000,1098;
12500,4545,8185;
1639,1923,960;
1587,1694,847;
1388,1369,716;
5882,3125,3285;
2083,1000,1223;
1388,1470,751;
1000,1886,1059;
1000,1960,1113;
1754,3846,2293;
25000,2222,22778;
1428,2857,1628;
5882,6250,3160;
3125,1149,2039;
1818,1515,910;
4347,2173,2491;
4347,20000,15653;
5263,2222,3234;
1020,3225,2229;
3225,1785,1776;
3225,1250,2057;
1315,1052,666;
1612,3703,2254;
2702,1315,1567;
1612,2272,1145;
1041,2272,1357;
5263,33333,28070;
6250,1136,5114;
task took 196.670000 seconds
COMPARE SET SEQUENCE WITH RANDOM SEQUENCES
----------------
lengthS,lengthT,MinCost;
10000,5000,5713;
10000,1428,8572;
10000,2564,7437;
10000,1886,8114;
10000,25000,15731;
10000,2222,7778;
10000,2941,7090;
10000,1818,8182;
10000,1234,8766;
10000,3703,6494;
10000,2222,7778;
10000,2941,7093;
10000,1851,8149;
10000,1470,8530;
10000,4545,5962;
10000,1086,8914;
10000,1030,8970;
10000,1123,8877;
10000,1851,8149;
10000,4000,6283;
10000,2380,7620;
10000,1886,8114;
10000,1052,8948;
10000,1219,8781;
10000,10000,5160;
10000,2777,7238;
10000,14285,7212;
10000,3333,6766;
10000,2173,7827;
10000,3225,6851;
10000,5882,5365;
10000,2272,7728;
10000,1515,8485;
10000,9090,4975;
10000,1190,8810;
10000,1724,8276;
10000,1204,8796;
10000,1785,8215;
10000,1923,8077;
10000,10000,5156;
10000,1492,8508;
10000,1098,8902;
10000,1219,8781;
10000,1851,8149;
10000,1250,8750;
10000,1298,8702;
10000,2777,7237;
10000,100000,90000;
10000,1010,8990;
10000,12500,6207;
10000,6666,5101;
10000,1428,8572;
10000,1666,8334;
10000,2040,7960;
10000,1333,8667;
10000,3225,6855;
10000,2325,7675;
10000,1123,8877;
10000,6666,5141;
10000,1020,8980;
10000,1041,8959;
10000,4347,6089;
10000,1428,8572;
10000,1010,8990;
10000,1639,8361;
10000,1388,8612;
10000,1449,8551;
10000,4000,6298;
10000,1250,8750;
10000,1315,8685;
10000,2083,7917;
10000,1219,8781;
10000,3333,6772;
10000,1075,8925;
10000,100000,90000;
10000,2173,7827;
10000,1666,8334;
10000,1075,8925;
10000,7692,4961;
10000,2857,7165;
10000,1052,8948;
10000,2631,7371;
10000,2083,7917;
10000,8333,4928;
10000,1265,8735;
10000,1111,8889;
10000,3125,6936;
10000,1333,8667;
10000,1204,8796;
10000,1449,8551;
10000,1030,8970;
10000,1010,8990;
10000,2564,7437;
10000,1886,8114;
10000,25000,15728;
10000,1010,8990;
10000,1492,8508;
10000,5000,5745;
10000,1492,8508;
10000,2564,7438;
10000,1960,8040;
10000,1639,8361;
10000,12500,6181;
10000,10000,5173;
10000,3333,6767;
10000,2439,7561;
10000,1149,8851;
10000,20000,11454;
10000,1075,8925;
10000,1098,8902;
10000,50000,40000;
10000,1351,8649;
10000,2272,7728;
10000,3030,7015;
10000,1724,8276;
10000,2325,7675;
10000,50000,40000;
10000,1086,8914;
10000,2439,7561;
10000,1265,8735;
10000,1562,8438;
10000,1149,8851;
10000,1020,8980;
10000,1428,8572;
10000,4545,5974;
10000,2941,7095;
10000,1351,8649;
10000,1075,8925;
10000,2564,7439;
10000,1282,8718;
10000,3030,7015;
10000,1851,8149;
10000,2083,7917;
10000,3333,6775;
10000,1204,8796;
10000,1333,8667;
10000,5000,5735;
10000,1315,8685;
10000,1234,8766;
10000,1449,8551;
10000,5263,5610;
10000,1333,8667;
10000,2040,7960;
10000,1020,8980;
10000,1694,8306;
10000,1388,8612;
10000,1030,8970;
10000,1694,8306;
10000,1923,8077;
10000,6250,5251;
10000,1136,8864;
10000,7692,4964;
10000,7692,4948;
10000,2439,7561;
10000,1010,8990;
10000,1470,8530;
10000,1351,8649;
10000,1020,8980;
10000,2272,7728;
10000,1030,8970;
10000,1265,8735;
10000,1219,8781;
10000,5263,5597;
10000,1176,8824;
10000,3448,6671;
10000,2631,7374;
10000,11111,5532;
10000,1351,8649;
10000,1470,8530;
10000,1030,8970;
10000,1492,8508;
10000,2173,7827;
10000,5555,5483;
10000,1538,8462;
10000,1785,8215;
10000,33333,23463;
10000,3703,6493;
10000,4347,6089;
10000,1388,8612;
10000,1639,8361;
10000,10000,5172;
10000,1176,8824;
10000,1149,8851;
10000,3030,7020;
10000,8333,4944;
10000,1724,8276;
10000,16666,8857;
10000,2500,7502;
10000,1052,8948;
10000,2083,7917;
10000,1204,8796;
10000,33333,23461;
10000,1851,8149;
10000,6666,5129;
10000,1075,8925;
10000,1388,8612;
10000,1041,8959;
10000,1030,8970;
10000,1587,8413;
10000,1098,8902;
10000,4166,6188;
10000,1234,8766;
10000,2000,8000;
10000,1265,8735;
10000,1176,8824;
10000,2040,7960;
10000,1041,8959;
10000,1086,8914;
10000,25000,15724;
10000,1666,8334;
10000,1818,8182;
10000,2272,7728;
10000,1086,8914;
10000,1149,8851;
10000,1176,8824;
10000,1492,8508;
10000,2222,7778;
10000,7692,4940;
10000,5263,5595;
10000,1098,8902;
10000,3846,6406;
10000,2272,7728;
10000,5882,5357;
10000,1818,8182;
10000,1408,8592;
10000,20000,11451;
10000,1162,8838;
10000,12500,6177;
10000,1052,8948;
10000,2564,7439;
10000,2325,7675;
10000,10000,5168;
10000,3225,6861;
10000,3125,6941;
10000,1333,8667;
10000,1666,8334;
10000,1282,8718;
10000,1265,8735;
10000,1538,8462;
10000,1075,8925;
10000,5555,5464;
10000,1538,8462;
10000,1960,8040;
10000,1639,8361;
10000,7692,4946;
10000,8333,4932;
10000,1098,8902;
10000,2439,7561;
10000,2272,7728;
10000,1428,8572;
10000,3448,6677;
10000,1818,8182;
10000,1098,8902;
10000,3125,6937;
10000,1754,8246;
10000,1785,8215;
10000,20000,11469;
10000,1265,8735;
10000,1886,8114;
10000,1063,8937;
10000,3125,6937;
10000,1086,8914;
10000,16666,8865;
10000,1315,8685;
10000,1449,8551;
10000,4000,6297;
10000,25000,15727;
10000,2222,7778;
10000,1369,8631;
10000,7142,5042;
10000,1123,8877;
10000,14285,7223;
10000,2325,7675;
10000,5263,5605;
10000,2040,7960;
10000,3225,6855;
10000,2857,7169;
10000,4347,6087;
10000,1818,8182;
10000,5263,5599;
10000,1315,8685;
10000,4347,6082;
10000,1587,8413;
10000,4761,5854;
10000,1886,8114;
10000,1639,8361;
10000,2173,7827;
10000,2631,7375;
10000,2127,7873;
10000,1041,8959;
10000,1020,8980;
10000,1219,8781;
10000,2702,7305;
10000,1265,8735;
10000,1190,8810;
10000,2439,7561;
10000,1010,8990;
10000,2941,7090;
10000,1063,8937;
10000,1098,8902;
10000,4166,6195;
10000,6666,5125;
10000,1282,8718;
10000,3225,6856;
10000,1098,8902;
10000,2000,8000;
10000,2325,7675;
10000,1136,8864;
10000,1234,8766;
10000,1176,8824;
10000,1162,8838;
10000,3448,6684;
10000,1886,8114;
10000,1265,8735;
10000,1282,8718;
10000,1449,8551;
10000,1515,8485;
10000,1041,8959;
10000,33333,23473;
10000,2564,7437;
10000,1538,8462;
10000,2439,7561;
10000,12500,6186;
10000,4761,5855;
10000,4166,6177;
10000,8333,4933;
10000,1176,8824;
10000,1041,8959;
10000,1149,8851;
10000,1041,8959;
10000,1041,8959;
10000,1123,8877;
10000,1063,8937;
10000,1063,8937;
10000,1851,8149;
10000,16666,8886;
10000,1075,8925;
10000,1282,8718;
10000,1351,8649;
10000,2702,7308;
10000,9090,5013;
10000,2702,7304;
10000,2564,7440;
10000,1851,8149;
10000,5555,5487;
10000,11111,5517;
10000,10000,5173;
10000,2777,7240;
10000,2941,7086;
10000,1162,8838;
10000,2439,7561;
10000,5882,5359;
10000,1785,8215;
10000,1639,8361;
10000,4000,6291;
10000,3125,6933;
10000,3571,6594;
10000,1886,8114;
10000,1408,8592;
10000,1449,8551;
10000,4166,6182;
10000,1562,8438;
10000,3225,6855;
10000,1562,8438;
10000,1694,8306;
10000,1754,8246;
10000,1639,8361;
10000,1234,8766;
10000,5263,5611;
10000,3225,6859;
10000,7142,5038;
10000,4761,5839;
10000,1234,8766;
10000,1428,8572;
10000,3225,6857;
10000,3448,6684;
10000,1190,8810;
10000,1886,8114;
10000,1694,8306;
10000,9090,4977;
10000,1333,8667;
10000,9090,5019;
10000,4000,6292;
10000,5882,5372;
10000,50000,40000;
10000,2631,7377;
10000,1250,8750;
10000,1098,8902;
10000,2857,7164;
10000,1923,8077;
10000,2439,7561;
10000,1449,8551;
10000,2777,7236;
10000,3846,6403;
10000,1176,8824;
10000,2083,7917;
10000,1923,8077;
10000,1754,8246;
10000,1123,8877;
10000,3125,6933;
task took 404.570000 seconds
