	00	01	02	03	04	05	06	07	08	09	10	11	12	13	14	15	16	17	18	19	20	21	22	23	24	25	26	27	28	29	30
	01	01	02	03	04	05	05	06	07	08	09	10	11	12	13	14	15	16	17	18	19	20	21	22	23	24	25	26	27	28	29
	02	02	01	02	03	04	05	06	07	08	08	09	10	11	12	13	14	15	16	17	18	19	20	21	22	23	24	25	26	27	28
	03	02	02	02	03	03	04	05	06	07	08	08	09	10	11	12	13	14	15	16	17	18	19	20	21	22	23	24	25	26	27
	04	03	03	03	03	04	03	04	05	06	07	08	09	10	10	11	12	13	14	15	16	17	18	19	20	21	22	23	24	25	26
	05	04	04	04	04	03	04	03	04	05	06	07	08	09	10	11	11	12	13	14	15	16	17	18	19	20	21	22	23	24	25
	06	05	05	05	05	04	03	04	04	04	05	06	07	08	09	10	11	12	13	13	14	15	16	17	18	19	20	21	22	23	24
	07	06	05	05	05	05	04	04	05	05	04	05	06	07	08	09	10	11	12	13	13	14	15	16	17	18	19	20	21	22	23
	08	07	06	06	06	06	05	05	04	05	05	05	06	07	08	08	09	10	11	12	13	14	15	16	16	17	18	19	20	21	22
	09	08	07	07	07	06	06	05	05	05	06	05	05	06	07	08	08	09	10	11	12	13	14	15	16	17	17	18	19	20	21
	10	09	08	08	08	07	07	06	06	06	06	06	05	05	06	07	08	09	10	11	12	12	13	14	15	16	17	18	19	20	20
	11	10	09	08	08	08	08	07	07	07	06	07	06	06	06	07	08	08	09	10	11	12	12	13	14	15	16	17	18	19	20
	12	11	10	09	09	09	08	08	08	07	07	07	07	07	06	07	08	09	09	09	10	11	12	12	13	14	15	16	17	18	19
	13	12	11	10	09	10	09	09	09	08	07	08	08	08	07	07	08	08	09	10	09	10	11	12	13	14	15	15	16	17	18
	14	13	12	11	10	10	10	10	10	09	08	08	09	09	08	08	08	09	09	09	10	10	11	11	12	13	14	15	16	17	18
	15	14	13	12	11	11	10	11	11	10	09	09	09	10	09	09	09	09	10	09	10	11	11	11	12	13	14	15	16	17	18
	16	15	14	13	12	12	11	11	12	11	10	10	10	10	10	10	10	09	10	10	09	10	11	12	12	13	14	14	15	16	17
	17	16	15	14	13	13	12	12	11	12	11	11	11	11	11	10	11	10	09	10	10	10	11	12	12	12	13	14	15	15	16
	18	17	16	15	14	14	13	13	12	12	12	12	12	12	12	11	11	11	10	10	10	11	10	11	12	13	13	13	14	15	16
	19	18	17	16	15	15	14	14	13	13	13	13	13	13	13	12	12	12	11	11	11	11	11	11	11	12	13	14	14	14	15
	20	19	18	17	16	16	15	15	14	14	14	14	14	14	14	13	13	13	12	12	12	12	12	12	11	11	12	13	14	14	15
	21	20	19	18	17	17	16	16	15	14	15	15	15	15	14	14	14	14	13	12	13	13	13	12	12	12	12	13	14	15	15
	22	21	20	19	18	18	17	17	16	15	15	16	16	16	15	14	15	15	14	13	13	14	14	13	12	12	13	13	14	14	15
	23	22	21	20	19	19	18	18	17	16	16	16	17	17	16	15	15	16	15	14	14	14	15	14	13	13	13	14	14	15	15
	24	23	22	21	20	19	19	18	18	17	17	16	16	17	17	16	15	16	16	15	15	14	15	15	14	14	13	14	15	15	15
	25	24	23	22	21	20	20	19	19	18	17	17	17	17	18	17	16	15	16	16	15	15	14	15	15	15	14	13	14	15	16
	26	25	24	23	22	21	21	20	20	19	18	18	18	18	18	18	17	16	16	17	16	16	15	15	16	16	15	14	13	14	15
	27	26	25	24	23	22	22	21	21	20	19	19	19	19	19	19	18	17	17	17	17	17	16	16	16	17	16	15	14	14	15
	28	27	26	25	24	23	22	22	22	21	20	20	20	20	19	20	19	18	18	17	18	18	17	16	17	17	17	16	15	15	15
	29	28	27	26	25	24	23	23	23	22	21	21	21	21	20	20	20	19	19	18	18	19	18	17	17	18	18	17	16	16	16
	30	29	28	27	26	25	24	24	24	23	22	22	22	22	21	21	21	20	20	19	19	19	19	18	18	18	19	18	17	17	17
min cost: 17
TCT_CGATT_GCGCCGAGAACACTGGGCCC
TCTACGTTTCATGACGTGCA_A_TGGAT__
