RANDOM SEQUENCES
n,threadId,lengthS,lengthT,MinCost
150,3,1190,114950,1,1282,6250100,2,1063,27770,0,1149,1075,585;
1,0,2439,16666,610;
151,3,1428,1075,723;
152,3,3125,3125,1786;
101,2,9090,2439,4968;
51,1,33333,1030,1633;
153,3,1470,1162,730;
154,3,50000,5000,6659;
102,2,3225,2272,1624;
103,2,2083,5000,14227;
2,0,1219,8333,3092;
104,2,2564,1176,32303;
52,1,1785,1250,1529;
105,2,1818,50000,903;
53,1,2272,1234,7114;
3,0,1538,3571,1259;
54,1,5263,9090,2183;
4,0,2222,1612,1117;
5,0,2439,2857,1416;
6,0,1587,4000,2528;
7,0,1612,1470,829;
8,0,3846,5263,2639;
9,0,12500,25000,4893;
55,1,6250,1515,4735;
56,1,1694,4166,2613;
57,1,2040,2380,1185;
58,1,9090,4545,48182;
106,2,2564,1666,1334;
107,2,20000,1960,5217;
59,1,14285,2325,18040;
108,2,1724,2272,1133;
109,2,1149,2173,1216;
110,2,1886,2702,1375;
111,2,100000,6250,11960;
60,1,1851,9090,7239;
61,1,1470,1470,763;
62,1,8333,7142,45000;
155,3,1063,4545,3482;
156,3,1098,1219,614;
157,3,2500,1449,1357;
158,3,2777,1851,4111;
63,1,1030,1960,1429;
159,3,3846,1724,1112;
64,1,2439,1923,1217;
65,1,1694,3333,2318;
160,3,3448,6250,1900;
66,1,5882,5555,3453;
161,3,3703,5882,2986;
67,1,1020,1428,730;
68,1,5555,3703,3082;
162,3,3225,2941,1637;
163,3,1000,2500,1579;
164,3,1075,1111,572;
165,3,1282,100000,2857;
69,1,25000,9090,14312;
10,0,1492,1098,761;
11,0,2083,7692,5616;
12,0,4000,4000,2078;
13,0,50000,1333,98718;
166,3,1388,1818,917;
167,3,1449,3225,1933;
168,3,1666,4761,3175;
169,3,2857,3571,1778;
170,3,1449,1149,729;
171,3,8333,9090,48667;
14,0,1492,2127,1081;
15,0,16666,2222,14444;
16,0,3125,2222,1568;
17,0,2941,3333,1667;
18,0,4545,3225,2298;
19,0,1075,1204,16366;
70,1,1785,1052,4568;
172,3,2000,1333,611;
20,0,1428,1515,954;
71,1,12500,2702,1038;
173,3,4000,3846,778;
21,0,1388,1204,708;
22,0,1666,1333,815;
23,0,5882,1010,4872;
24,0,8333,4761,2027;
174,3,1176,1612,821;
175,3,1123,1449,727;
176,3,1428,1492,767;
177,3,9090,1010,8080;
178,3,1408,14285,9798;
72,1,11111,3030,12877;
179,3,1666,1333,837;
180,3,1369,1562,778;
181,3,3225,5000,4544;
25,0,1333,1851,928;
26,0,1204,1020,602;
27,0,3846,1315,8096;
73,1,5882,1333,2580;
28,0,6250,1428,2596;
182,3,2500,1754,4549;
74,1,1010,1639,871;
75,1,4545,1030,4822;
29,0,7142,1408,1267;
183,3,2941,2631,3515;
76,1,2272,5555,5734;
30,0,1960,1190,1478;
184,3,6666,1010,1045;
31,0,1886,1449,942;
32,0,7692,1020,5656;
185,3,1639,10000,3469;
77,1,1052,1851,1007;
78,1,1315,1075,652;
79,1,3448,3125,6672;
33,0,12500,2040,1744;
80,1,6250,2777,8361;
186,3,1010,4545,3535;
187,3,1111,1098,584;
188,3,1282,1470,739;
189,3,1562,1538,811;
190,3,1111,7692,10460;
34,0,25000,1204,3763;
81,1,1190,1052,603;
82,1,9090,2564,6581;
191,3,2272,1785,1137;
192,3,1176,2380,1377;
193,3,1123,8333,7210;
194,3,8333,7692,6544;
83,1,9090,3225,23796;
35,0,2000,1086,1108;
36,0,1149,1052,591;
37,0,1587,16666,6014;
84,1,2439,1694,15079;
38,0,4166,2127,1249;
85,1,3448,6250,2381;
39,0,1123,4347,3226;
40,0,1204,1351,668;
41,0,11111,2702,3445;
86,1,1149,1298,653;
87,1,1538,2777,1537;
88,1,1818,14285,4166;
195,3,1724,2040,1009;
196,3,8333,2631,8409;
42,0,5882,3225,93750;
112,2,1010,1612,859;
113,2,1333,1369,692;
114,2,1785,1282,909;
115,2,2325,5000,12467;
89,1,1492,1639,823;
90,1,1162,9090,5760;
197,3,1388,3333,2062;
198,3,3571,6250,3235;
43,0,4761,1250,2956;
116,2,1219,1123,7928;
91,1,2564,7692,619;
117,2,2222,1204,3514;
44,0,1298,1219,1236;
118,2,5000,1234,662;
45,0,1250,5263,3768;
119,2,1063,1250,4013;
46,0,1587,1612,629;
120,2,50000,1176,829;
47,0,2702,1449,1512;
48,0,1886,2325,3392;
199,3,6666,100000,5211;
92,1,1010,1428,725;
93,1,1176,3846,1164;
49,0,1754,1923,966;
,2692;
94,1,1030,3846,2823;
95,1,12500,2777,9723;
96,1,1538,2439,1276;
97,1,2500,4347,48824;
121,2,2000,3846,2363;
98,1,50000,5555,2180;
122,2,4000,1219,2801;
123,2,5555,33333,27778;
124,2,3225,3571,1791;
125,2,2127,4166,2352;
126,2,5000,1666,3391;
127,2,3571,1785,2055;
128,2,6250,5000,44445;
99,1,4761,1388,3098;
129,2,14285,1000,3394;
,13285;
130,2,1265,2564,1487;
131,2,2325,4000,2171;
132,2,1162,3225,2126;
133,2,1234,1785,911;
134,2,1388,1020,705;
135,2,1162,3846,2702;
136,2,1086,1234,630;
137,2,1265,1923,989;
138,2,4000,5882,2999;
139,2,5263,1612,3680;
140,2,1136,1960,1065;
141,2,6666,1149,5517;
142,2,1449,1265,728;
143,2,3846,1190,2678;
144,2,5555,3448,2921;
145,2,1538,1282,762;
146,2,4166,5555,2774;
147,2,2702,50000,47298;
148,2,1030,20000,18970;
149,2,1538,2000,998;
,93334;
task took 121.230000 seconds
----------------
COMPARE SET SEQUENCE WITH RANDOM SEQUENCES
n,threadId,lengthS,lengthT,MinCost
100,2,50,1,1035,18510,0,150,3,1035,31251035,250001035,20000,1014;
101,2,1035,1052,2124;
1,0,1035,2222,549;
102,2,1035,1587,825;
103,2,1035,8333,1323;
2,0,1035,5555,4520;
3,0,1035,1000,531;
4,0,1035,1052,7298;
104,2,1035,3846,542;
5,0,1035,1408,717;
6,0,1035,4761,2815;
105,2,1035,1030,546;
106,2,1035,4761,18965;
51,1,1035,1000,23965;
151,3,1035,1960,537;
52,1,1035,1492,3726;
107,2,1035,1923,3726;
7,0,1035,6250,1094;
152,3,1035,1086,763;
53,1,1035,100000,1079;
108,2,1035,2380,552;
153,3,1035,1010,533;
154,3,1035,6666,1447;
109,2,1035,3703,5215;
8,0,1035,5882,2678;
110,2,1035,9090,4847;
9,0,1035,14285,5631;
155,3,1035,1063,545;
156,3,1035,1449,8055;
111,2,1035,2439,743;
157,3,1035,6250,1498;
112,2,1035,1449,741;
113,2,1035,2000,1134;
114,2,1035,3125,2124;
115,2,1035,2439,5215;
158,3,1035,9090,13250;
10,0,1035,33333,1503;
116,2,1035,10000,8055;
159,3,1035,7692,8965;
117,2,1035,1204,598;
118,2,1035,1408,713;
119,2,1035,1298,646;
120,2,1035,2702,6657;
160,3,1035,3225,1727;
121,2,1035,10000,2215;
161,3,1035,1204,611;
162,3,1035,2083,1202;
163,3,1035,1098,551;
164,3,1035,1030,528;
165,3,1035,4000,8965;
122,2,1035,1063,550;
123,2,1035,1351,2966;
166,3,1035,2631,679;
124,2,1035,2500,1673;
167,3,1035,1010,1558;
125,2,1035,1369,540;
168,3,1035,3125,688;
126,2,1035,1851,32298;
11,0,1035,100000,1023;
127,2,1035,1612,2116;
169,3,1035,1123,573;
170,3,1035,2222,837;
128,2,1035,16666,1316;
171,3,1035,2631,1667;
172,3,1035,1000,532;
173,3,1035,3703,2678;
174,3,1035,1052,547;
175,3,1035,1282,650;
176,3,1035,3333,2324;
177,3,1035,1123,572;
178,3,1035,5555,15631;
129,2,1035,3333,2317;
130,2,1035,2702,4520;
179,3,1035,1204,1737;
131,2,1035,2127,605;
180,3,1035,3846,1232;
132,2,1035,1052,550;
133,2,1035,1204,2815;
181,3,1035,1351,615;
134,2,1035,1136,685;
182,3,1035,5555,572;
135,2,1035,1190,598;
136,2,1035,1190,600;
137,2,1035,50000,4520;
183,3,1035,2564,1611;
184,3,1035,1538,793;
185,3,1035,12500,98965;
54,1,1035,1250,614;
55,1,1035,2564,1607;
56,1,1035,1408,718;
57,1,1035,1923,1067;
58,1,1035,11111,11465;
186,3,1035,5263,4228;
187,3,1035,3448,10076;
59,1,1035,10000,2433;
188,3,1035,7692,6657;
189,3,1035,3703,8965;
60,1,1035,4545,2677;
190,3,1035,1315,3510;
61,1,1035,1666,663;
191,3,1035,1086,893;
62,1,1035,1960,572;
192,3,1035,1298,648;
193,3,1035,1063,1097;
63,1,1035,20000,554;
194,3,1035,100000,48965;
138,2,1035,4166,3131;
139,2,1035,1204,607;
140,2,1035,1960,1108;
141,2,1035,1075,556;
142,2,1035,11111,18965;
64,1,1035,1960,1105;
65,1,1035,1000,98965;
12,0,1035,1075,539;
66,1,1035,2000,554;
13,0,1035,1408,1125;
67,1,1035,2222,707;
14,0,1035,100000,10076;
143,2,1035,1538,1317;
68,1,1035,1428,796;
144,2,1035,1818,719;
69,1,1035,2325,1000;
145,2,1035,1176,597;
146,2,1035,1086,1397;
70,1,1035,2380,551;
147,2,1035,1449,1458;
71,1,1035,1052,726;
148,2,1035,1052,538;
72,1,1035,2000,554;
149,2,1035,20000,1132;
73,1,1035,2000,1134;
74,1,1035,1098,564;
75,1,1035,2127,1242;
76,1,1035,5000,3965;
77,1,1035,1851,1024;
78,1,1035,1754,947;
79,1,1035,2000,1131;
80,1,1035,2500,1560;
81,1,1035,1190,18965;
,589;
82,1,1035,2702,1731;
83,1,1035,1923,1064;
84,1,1035,1666,875;
85,1,1035,8333,7298;
86,1,1035,1086,568;
87,1,1035,1428,717;
88,1,1035,1315,662;
89,1,1035,1190,604;
90,1,1035,1785,975;
91,1,1035,9090,8055;
92,1,1035,4545,3510;
93,1,1035,4545,98965;
195,3,1035,3125,2127;
196,3,1035,12500,3510;
94,1,1035,1265,639;
95,1,1035,3846,2815;
96,1,1035,1162,588;
97,1,1035,1250,617;
98,1,1035,1250,622;
99,1,1035,2702,1738;
,11465;
197,3,1035,2564,1619;
198,3,1035,14285,98965;
15,0,1035,1111,559;
16,0,1035,6666,5631;
17,0,1035,7692,13250;
199,3,1035,4347,3312;
,6657;
18,0,1035,2325,1403;
19,0,1035,2000,1137;
20,0,1035,1886,1050;
21,0,1035,2777,1808;
22,0,1035,100000,98965;
23,0,1035,3846,2818;
24,0,1035,1886,1045;
25,0,1035,8333,7298;
26,0,1035,1265,634;
27,0,1035,10000,8965;
28,0,1035,1369,688;
29,0,1035,1123,572;
30,0,1035,1298,654;
31,0,1035,33333,32298;
32,0,1035,25000,23965;
33,0,1035,1388,701;
34,0,1035,1250,628;
35,0,1035,1086,550;
36,0,1035,1204,600;
37,0,1035,25000,23965;
38,0,1035,4761,3726;
39,0,1035,2173,1273;
40,0,1035,1449,743;
41,0,1035,1219,611;
42,0,1035,3571,2550;
43,0,1035,1149,583;
44,0,1035,3703,2677;
45,0,1035,3448,2427;
46,0,1035,1123,579;
47,0,1035,7142,6107;
48,0,1035,2380,1452;
49,0,1035,1315,654;
task took 33.220000 seconds
