RANDOM SEQUENCES
n,threadId,lengthS,lengthT,MinCost;
0,0,25,1,175,7,150,6,100,4,75,3,50,2,125,5,1190,1149,613;
1,0,1282,1063,631;
26,1,1149,2222,1265;
76,3,2380,1515,1247;
126,5,1176,2173,1218;
27,1,1075,3125,2093;
77,3,1587,4166,2686;
151,6,1351,1136,676;
78,3,3225,2777,1608;
176,7,1785,1041,966;
79,3,2127,1724,1072;
80,3,2500,1923,1250;
177,7,5555,2040,3619;
28,1,1219,10000,8781;
127,5,1492,1030,769;
128,5,4000,3030,1991;
152,6,1000,7142,6142;
178,7,1724,3571,2087;
29,1,3225,1204,2087;
179,7,1298,9090,7792;
129,5,1562,2777,1524;
180,7,8333,1562,6771;
153,6,5882,1010,4872;
181,7,3571,1538,2185;
182,7,7142,4000,3899;
81,3,8333,5000,4424;
2,0,1282,6666,5384;
183,7,1020,4166,3146;
184,7,50000,1234,48766;
51,2,1234,2941,1818;
52,2,1315,1010,668;
53,2,1030,1265,632;
54,2,1886,1538,940;
55,2,2040,2702,1368;
56,2,25000,1449,23551;
82,3,4347,1388,2995;
57,2,1204,1538,770;
58,2,2564,2040,1279;
83,3,1111,2500,1515;
59,2,33333,1123,32210;
185,7,1162,4000,2852;
60,2,1162,1041,586;
61,2,1587,1666,844;
186,7,2439,1333,1338;
62,2,1538,1149,771;
63,2,1369,10000,8631;
84,3,4166,1785,2557;
187,7,1123,1298,653;
188,7,50000,1449,48551;
154,6,1492,3333,2010;
85,3,3846,2380,2026;
155,6,16666,1123,15543;
189,7,2941,7692,4948;
86,3,7142,2500,4753;
156,6,16666,1020,15646;
190,7,9090,1639,7451;
87,3,33333,4347,28986;
101,4,1176,6666,5490;
191,7,1265,1515,748;
102,4,14285,1098,13187;
157,6,6250,7692,3816;
64,2,5263,1492,3779;
88,3,1587,1923,959;
65,2,4166,1639,2645;
192,7,3571,2040,1952;
66,2,10000,11111,5546;
3,0,2777,1886,1423;
67,2,2222,1923,1104;
4,0,1234,1408,716;
68,2,3846,1000,2848;
5,0,2127,1020,1244;
69,2,1176,1960,1043;
70,2,1098,14285,13187;
6,0,1818,2941,1551;
7,0,6666,2857,4075;
71,2,1123,1111,582;
72,2,1351,1408,720;
73,2,1204,1639,827;
74,2,1351,1020,688;
20000,2500,17500;
158,6,5263,1000,4263;
159,6,3571,50000,46429;
130,5,1408,2272,1203;
131,5,2272,1086,1327;
132,5,2941,1123,1891;
133,5,1818,1470,900;
134,5,1369,50000,48631;
193,7,1515,1020,781;
194,7,100000,2040,97960;
30,1,1562,50000,48438;
103,4,7142,1063,6079;
135,5,4545,1265,3291;
195,7,2040,1369,1045;
136,5,4545,1219,3331;
31,1,1298,1333,671;
137,5,1754,2040,1003;
32,1,1041,2040,1152;
33,1,1428,2222,1172;
34,1,2631,5263,3009;
104,4,1123,10000,8877;
196,7,1388,2564,1432;
35,1,1176,4761,3586;
197,7,2857,2380,1433;
105,4,2083,2222,1137;
36,1,1086,1538,791;
106,4,3703,2857,1847;
107,4,1851,1492,942;
108,4,2439,7142,4795;
198,7,1315,1063,654;
109,4,2380,1162,1383;
110,4,5000,7692,3979;
138,5,1492,3846,2447;
111,4,1538,1030,789;
139,5,1086,1000,552;
112,4,1176,1190,617;
113,4,1369,1063,691;
114,4,1562,2500,1332;
115,4,1666,4761,3171;
140,5,1612,3125,1777;
116,4,1388,1136,706;
117,4,1030,50000,48970;
37,1,4166,2941,2110;
118,4,5882,1612,4278;
119,4,1818,20000,18182;
141,5,33333,3125,30208;
8,0,3703,2631,1871;
120,4,1818,1960,986;
9,0,1333,3030,1835;
121,4,3125,1030,2131;
10,0,11111,1136,9975;
142,5,1923,1190,1018;
11,0,6666,1176,5490;
122,4,2173,2272,1160;
12,0,1754,6250,4506;
123,4,33333,2439,30894;
199,7,1000,1315,668;
124,4,4166,1162,3012;
16666,1369,15297;
143,5,2857,1492,1608;
144,5,1162,1538,752;
145,5,1020,14285,13265;
13,0,1388,2040,1053;
14,0,1123,1041,577;
15,0,4545,2222,2640;
146,5,1136,25000,23864;
100000,2272,97728;
89,3,2173,1351,1146;
90,3,5263,33333,28070;
160,6,1075,8333,7258;
91,3,4761,5882,2923;
16,0,7692,1149,6543;
17,0,4761,1282,3484;
18,0,2702,8333,5703;
92,3,12500,3571,8956;
147,5,1369,1219,692;
93,3,5000,1162,3838;
19,0,1515,2222,1154;
94,3,1639,3448,2021;
95,3,1075,1960,1090;
96,3,10000,11111,5514;
38,1,16666,1315,15351;
20,0,1190,1449,712;
21,0,2777,3030,1521;
22,0,33333,1111,32222;
148,5,1694,1428,837;
23,0,1282,1010,631;
149,5,3125,2439,1565;
24,0,3333,3030,1666;
2083,1562,1047;
5000,10000,5740;
97,3,1315,2631,1515;
98,3,1818,7142,5325;
99,3,4166,1960,2460;
25000,3571,21429;
39,1,2702,1265,1598;
40,1,5882,1562,4322;
41,1,100000,1639,98361;
161,6,1010,2325,1415;
162,6,1298,2500,1428;
163,6,4000,1333,2708;
164,6,1886,1754,955;
165,6,2857,8333,5576;
42,1,3333,2000,1780;
166,6,2000,1075,1122;
167,6,1587,1612,840;
43,1,2857,1219,1754;
44,1,2500,1562,1318;
45,1,3333,2500,1681;
46,1,3846,1587,2393;
47,1,4347,5263,2607;
168,6,1886,2222,1112;
48,1,1282,2083,1099;
49,1,1562,8333,6771;
169,6,2272,2631,1309;
170,6,1612,20000,18388;
1351,25000,23649;
171,6,1123,1886,1011;
172,6,1149,3846,2712;
173,6,4166,2500,2226;
174,6,1333,2702,1560;
task took 92.030000 seconds
----------------
COMPARE SET SEQUENCE WITH RANDOM SEQUENCES
n,threadId,lengthS,lengthT,MinCost;
100,4,75,3,50,2,125,5,175,7,25,1,0,0,150,6,1035,1960,1108;
76,3,1035,1000,535;
151,6,1035,1785,971;
126,5,1035,1041,546;
152,6,1035,2500,1557;
1,0,1035,2564,1610;
176,7,1035,2941,1954;
26,1,1035,3333,2319;
77,3,1035,1298,649;
127,5,1035,1449,744;
153,6,1035,1470,751;
177,7,1035,1785,966;
2,0,1035,1639,859;
27,1,1035,3846,2819;
78,3,1035,1136,582;
3,0,1035,5555,4520;
101,4,1035,2777,1808;
128,5,1035,2040,1173;
178,7,1035,2777,1810;
154,6,1035,1098,556;
102,4,1035,1754,941;
4,0,1035,1204,602;
179,7,1035,1538,799;
155,6,1035,3846,2813;
28,1,1035,1162,582;
180,7,1035,2040,1181;
103,4,1035,1851,1026;
5,0,1035,2040,1171;
156,6,1035,1785,980;
29,1,1035,1282,638;
104,4,1035,4761,3726;
129,5,1035,2439,1501;
181,7,1035,1515,784;
105,4,1035,1694,900;
157,6,1035,1388,702;
130,5,1035,1428,721;
182,7,1035,2173,1281;
30,1,1035,2083,1214;
106,4,1035,2500,1560;
131,5,1035,2941,1957;
31,1,1035,1639,867;
32,1,1035,3225,2223;
132,5,1035,5263,4228;
158,6,1035,1086,547;
33,1,1035,9090,8055;
6,0,1035,1388,688;
133,5,1035,1010,536;
7,0,1035,20000,18965;
51,2,1035,20000,18965;
79,3,1035,7692,6657;
183,7,1035,2040,1165;
34,1,1035,1063,549;
8,0,1035,1098,563;
184,7,1035,1449,741;
80,3,1035,1190,590;
9,0,1035,1492,762;
185,7,1035,1265,634;
10,0,1035,4166,3131;
52,2,1035,4000,2966;
159,6,1035,3448,2431;
35,1,1035,2777,1799;
81,3,1035,1162,598;
53,2,1035,1470,760;
11,0,1035,1030,540;
36,1,1035,11111,10076;
107,4,1035,5882,4847;
134,5,1035,1052,546;
82,3,1035,1052,568;
12,0,1035,2857,1876;
186,7,1035,2857,1881;
54,2,1035,2857,1874;
160,6,1035,2127,1238;
135,5,1035,1724,934;
187,7,1035,2040,1168;
13,0,1035,3571,2544;
83,3,1035,3448,2432;
108,4,1035,1162,589;
161,6,1035,2040,1162;
55,2,1035,4166,3131;
37,1,1035,1562,810;
84,3,1035,1149,572;
56,2,1035,2702,1734;
188,7,1035,3571,2548;
136,5,1035,3703,2677;
14,0,1035,1111,579;
189,7,1035,3225,2225;
109,4,1035,1265,633;
137,5,1035,2439,1508;
85,3,1035,2173,1273;
57,2,1035,1449,735;
110,4,1035,1136,574;
86,3,1035,1960,1101;
15,0,1035,1538,790;
58,2,1035,1515,779;
138,5,1035,3571,2549;
38,1,1035,1204,604;
87,3,1035,1204,599;
16,0,1035,1298,635;
139,5,1035,1587,832;
59,2,1035,2631,1664;
111,4,1035,1204,606;
140,5,1035,1470,737;
60,2,1035,2857,1868;
88,3,1035,1265,633;
61,2,1035,1923,1075;
141,5,1035,2631,1675;
112,4,1035,2325,1409;
89,3,1035,5000,3965;
17,0,1035,2500,1560;
142,5,1035,3125,2125;
62,2,1035,3125,2122;
113,4,1035,1123,571;
63,2,1035,14285,13250;
162,6,1035,1538,804;
114,4,1035,2439,1505;
143,5,1035,12500,11465;
190,7,1035,1470,743;
144,5,1035,1492,764;
191,7,1035,2325,1401;
145,5,1035,8333,7298;
18,0,1035,1408,713;
146,5,1035,1063,557;
19,0,1035,1388,690;
147,5,1035,1587,820;
20,0,1035,5555,4520;
192,7,1035,1333,657;
148,5,1035,1219,619;
193,7,1035,3030,2036;
21,0,1035,2564,1617;
194,7,1035,16666,15631;
64,2,1035,20000,18965;
39,1,1035,1886,1038;
65,2,1035,1075,564;
66,2,1035,2702,1741;
40,1,1035,1010,537;
41,1,1035,2127,1238;
42,1,1035,10000,8965;
22,0,1035,4761,3726;
67,2,1035,1219,612;
68,2,1035,2127,1241;
69,2,1035,4000,2966;
70,2,1035,1851,1019;
71,2,1035,20000,18965;
195,7,1035,1265,639;
72,2,1035,12500,11465;
23,0,1035,8333,7298;
196,7,1035,1333,670;
197,7,1035,8333,7298;
24,0,1035,1219,608;
1035,1515,779;
198,7,1035,1538,797;
199,7,1035,1612,849;
1035,50000,48965;
163,6,1035,1639,860;
164,6,1035,1219,606;
165,6,1035,3125,2128;
166,6,1035,2083,1209;
167,6,1035,1923,1072;
168,6,1035,50000,48965;
149,5,1035,1098,564;
1035,1694,902;
169,6,1035,1369,692;
170,6,1035,33333,32298;
73,2,1035,1785,971;
171,6,1035,1282,633;
172,6,1035,2564,1615;
74,2,1035,50000,48965;
43,1,1035,2272,1368;
1035,2127,1234;
173,6,1035,1369,684;
44,1,1035,5882,4847;
45,1,1035,10000,8965;
174,6,1035,1587,822;
1035,100000,98965;
90,3,1035,1666,890;
91,3,1035,1538,796;
92,3,1035,1754,944;
93,3,1035,100000,98965;
115,4,1035,25000,23965;
46,1,1035,1265,634;
116,4,1035,1470,741;
117,4,1035,3571,2550;
118,4,1035,1000,543;
119,4,1035,1851,1004;
120,4,1035,10000,8965;
47,1,1035,10000,8965;
121,4,1035,1030,543;
122,4,1035,3448,2432;
48,1,1035,2222,1316;
123,4,1035,2000,1147;
49,1,1035,4347,3312;
124,4,1035,1694,904;
1035,3125,2120;
1035,50000,48965;
94,3,1035,2631,1663;
95,3,1035,3703,2677;
96,3,1035,1612,841;
97,3,1035,3448,2433;
98,3,1035,1351,669;
99,3,1035,1204,611;
task took 29.860000 seconds
