RANDOM SEQUENCES
n,threadId,lengthS,lengthT,MinCost;
19,19,1,1,0,0,28,28,27,27,21,21,12,12,9,9,24,24,18,18,13,13,10,10,3,3,5,5,16,16,25,25,20,20,2,2,22,22,4,4,6,6,26,26,23,23,17,17,8,8,14,14,29,29,15,15,11,11,7,7,1149,1075,581;
1190,1149,619;
1123,1538,770;
1098,1666,879;
1063,1754,937;
1428,1470,755;
1960,1136,1072;
1063,2777,1778;
1369,2702,1561;
1204,3225,2099;
1470,2777,1558;
1515,2702,1489;
1470,3333,2021;
1587,3571,2148;
1562,3703,2284;
3030,1923,1592;
1785,3448,1961;
1587,4166,2677;
4347,1694,2770;
1282,6250,4968;
1923,4545,2800;
2000,4545,2753;
2439,3703,1934;
3448,3030,1725;
8333,1449,6884;
3448,4347,2164;
5000,4000,2469;
8333,2325,6025;
3333,33333,30000;
1960,100000,98040;
task took 15.940000 seconds
----------------
COMPARE SET SEQUENCE WITH RANDOM SEQUENCES
n,threadId,lengthS,lengthT,MinCost;
29,29,7,7,12,12,11,11,23,23,10,10,0,0,16,16,6,6,9,9,14,14,17,17,1,1,24,24,15,15,3,3,26,26,18,18,21,21,28,28,2,2,8,8,4,4,20,20,22,22,27,27,25,25,13,13,5,5,19,19,1035,1538,784;
1035,1041,545;
1035,1000,539;
1035,1123,571;
1035,1136,580;
1035,1136,573;
1035,1190,584;
1035,1250,613;
1035,1234,616;
1035,1234,619;
1035,1315,651;
1035,1449,731;
1035,1492,767;
1035,1562,813;
1035,1694,905;
1035,1724,927;
1035,1754,942;
1035,1818,996;
1035,2083,1208;
1035,2222,1309;
1035,2631,1675;
1035,2777,1802;
1035,3030,2035;
1035,3333,2319;
1035,4000,2967;
1035,4000,2967;
1035,5555,4520;
1035,9090,8055;
1035,11111,10076;
1035,50000,48965;
task took 5.380000 seconds
