RANDOM SEQUENCES
n,threadId,lengthS,lengthT,MinCost;
74,11,170,27,164,26,68,10,110,17,188,30,35,5,92,14,28,4,14,2,98,15,42,6,80,12,0,0,49,7,21,3,128,20,116,18,104,16,62,9,152,24,122,19,182,29,86,13,56,8,134,21,7,1,140,22,158,25,176,28,146,23,194,31,1149,1075,589;
69,10,1190,1149,626;
75,11,1086,1234,622;
8,1,1098,1666,864;
36,5,1030,1219,606;
177,28,1428,1470,765;
117,18,1063,1754,929;
105,16,1587,1408,801;
159,25,1754,1351,879;
141,22,1063,2777,1782;
165,26,1111,1754,918;
9,1,2173,1282,1174;
70,10,1369,2702,1542;
15,2,1204,3225,2100;
81,12,1010,4000,2990;
87,13,1470,2777,1553;
50,7,1470,3333,2016;
43,6,3333,1351,2084;
153,24,2173,1818,1095;
37,5,1176,2631,1594;
183,29,1562,3703,2289;
93,14,1587,4166,2674;
1,0,1149,2272,1304;
160,25,1176,3571,2434;
195,31,1818,1333,924;
10,1,5555,1052,4503;
76,11,1923,1449,968;
51,7,1086,1369,674;
94,14,4347,1694,2776;
129,20,1063,5882,4819;
106,16,1282,6250,4968;
171,27,1162,1754,925;
161,25,1492,3125,1833;
88,13,6250,1408,4842;
57,8,2000,1098,1104;
77,11,2439,3703,1925;
29,4,2000,4545,2759;
111,17,1369,1612,817;
52,7,1587,3571,2162;
189,30,1000,1388,696;
107,16,1639,1149,840;
162,25,1639,1098,852;
58,8,6250,1333,4917;
178,28,3846,1098,2764;
95,14,2380,4000,2155;
118,18,8333,1449,6884;
99,15,7692,1204,6488;
82,12,2040,1666,1018;
112,17,3225,1010,2237;
190,30,2222,2000,1124;
78,11,2127,4545,2677;
16,2,2564,3030,1512;
154,24,5000,1315,3690;
172,27,2564,2439,1319;
89,13,2500,3846,2007;
184,29,1612,1369,815;
191,30,2631,2702,1381;
30,4,1176,3571,2436;
113,17,2631,2380,1333;
59,8,1639,1754,905;
155,24,1086,5555,4469;
100,15,3846,1136,2730;
119,18,8333,2325,6024;
63,9,2564,3225,1598;
108,16,1818,1785,946;
114,17,1923,8333,6410;
44,6,10000,1754,8246;
142,22,4545,2564,2482;
53,7,1020,9090,8070;
179,28,1851,1111,998;
45,6,4545,5000,2525;
123,19,2777,2857,1482;
90,13,1315,1315,680;
143,22,1515,5263,3760;
31,4,1219,1111,620;
46,6,5882,2040,3916;
83,12,1492,1190,742;
124,19,1176,5263,4087;
156,24,2702,4545,2434;
163,25,2702,1408,1536;
91,13,2040,1149,1110;
144,22,9090,1369,7721;
185,29,7142,3703,4042;
135,21,1724,2222,1125;
84,12,4761,1754,3111;
109,16,2040,1369,1045;
7692,2857,5000;
2,0,2631,1562,1409;
125,19,1298,1333,671;
145,22,1041,2040,1152;
85,12,2702,4166,2171;
64,9,1428,2222,1172;
1754,2040,1003;
186,29,16666,1538,15128;
130,20,16666,1250,15416;
96,14,1086,1538,791;
187,29,1388,2564,1432;
3,0,2083,2222,1137;
3703,4761,2372;
120,18,12500,1333,11167;
60,8,1176,4761,3586;
1851,1492,942;
2857,2380,1433;
126,19,1315,1063,654;
4,0,1123,10000,8877;
2380,1162,1383;
61,8,1538,1030,789;
5,0,16666,1612,15054;
11,1,1086,1000,552;
2631,5263,3009;
157,24,1176,1190,617;
12,1,1492,3846,2447;
127,19,1369,1063,691;
3703,2857,1847;
97,14,1562,2500,1332;
13,1,1388,1136,706;
1612,3125,1777;
4761,6250,3119;
192,30,1666,4761,3171;
6,0,2439,7142,4795;
65,9,4545,8333,4629;
79,11,11111,2777,8335;
47,6,6666,6666,3459;
196,31,1818,1960,986;
197,31,5882,1612,4278;
66,9,4166,2941,2110;
193,30,3703,2631,1871;
1333,3030,1835;
198,31,16666,3846,12820;
147,23,3125,1030,2131;
67,9,1923,1190,1018;
199,31,11111,1136,9975;
48,6,5000,7692,3979;
136,21,1000,1315,668;
137,21,6666,1176,5490;
2173,2272,1160;
3225,20000,16775;
71,10,1408,50000,48592;
166,26,16666,3448,13218;
101,15,50000,1063,48937;
180,28,20000,3571,16429;
38,5,1162,1538,752;
102,15,1754,6250,4506;
2857,1492,1608;
167,26,4166,1162,3012;
72,10,1123,1041,577;
103,15,1388,2040,1053;
39,5,1818,20000,18182;
14285,4166,10164;
115,17,2173,1351,1146;
4545,12500,8168;
32,4,1020,14285,13265;
1030,50000,48970;
131,20,4545,2222,2640;
181,28,16666,1369,15297;
148,23,1075,8333,7258;
40,5,1369,1219,692;
41,5,7692,1149,6543;
132,20,4761,1282,3484;
5000,1162,3838;
149,23,1515,2222,1154;
133,20,1136,25000,23864;
138,21,1075,1960,1090;
139,21,1639,3448,2021;
2702,8333,5703;
33,4,4761,5882,2923;
168,26,1190,1449,712;
169,26,3333,33333,30000;
22,3,16666,1315,15351;
150,23,1694,1428,837;
23,3,33333,2439,30894;
121,18,1282,1010,631;
151,23,2777,3030,1521;
2083,1562,1047;
3125,2439,1565;
24,3,12500,3571,8956;
73,10,3333,3030,1666;
1315,2631,1515;
25,3,33333,1111,32222;
4166,1960,2460;
26,3,1818,7142,5325;
2702,1265,1598;
27,3,5882,1562,4322;
5000,10000,5740;
1315,100000,98685;
54,7,10000,11111,5514;
2857,8333,5576;
55,7,1010,2325,1415;
25000,3571,21429;
34,4,1298,2500,1428;
100000,1639,98361;
3448,100000,96552;
17,2,4000,1333,2708;
18,2,1886,1754,955;
19,2,3333,2000,1780;
20,2,1587,1612,840;
100000,8333,91667;
173,27,2000,1075,1122;
174,27,4347,5263,2607;
175,27,2857,1219,1754;
task took 116.860000 seconds
----------------
COMPARE SET SEQUENCE WITH RANDOM SEQUENCES
n,threadId,lengthS,lengthT,MinCost;
86,13,158,25,98,15,176,28,68,10,80,12,182,29,170,27,14,2,42,6,164,26,128,20,116,18,62,9,49,7,104,16,74,11,21,3,194,31,152,24,140,22,7,1,92,14,28,4,0,0,134,21,56,8,122,19,110,17,146,23,35,5,188,30,1035,1030,535;
57,8,1035,1785,968;
171,27,1035,1162,580;
141,22,1035,1204,600;
75,11,1035,1333,656;
99,15,1035,1428,726;
29,4,1035,1408,702;
195,31,1035,1265,630;
189,30,1035,1282,635;
153,24,1035,1538,803;
22,3,1035,1562,814;
159,25,1035,1538,790;
43,6,1035,1587,826;
135,21,1035,1754,946;
123,19,1035,1851,1019;
36,5,1035,2127,1232;
177,28,1035,1162,587;
58,8,1035,2127,1238;
50,7,1035,2127,1231;
8,1,1035,1123,564;
142,22,1035,2380,1453;
105,16,1035,2439,1506;
129,20,1035,2439,1510;
81,12,1035,2500,1557;
87,13,1035,1219,613;
154,24,1035,1298,648;
196,31,1035,1333,671;
160,25,1035,3125,2121;
117,18,1035,1851,1017;
30,4,1035,1754,952;
44,6,1035,1219,608;
59,8,1035,1298,652;
51,7,1035,1298,653;
9,1,1035,3448,2431;
183,29,1035,1098,557;
106,16,1035,1666,886;
178,28,1035,1724,927;
37,5,1035,2272,1374;
136,21,1035,1282,651;
155,24,1035,4347,3312;
147,23,1035,1428,724;
161,25,1035,1098,568;
31,4,1035,2702,1737;
124,19,1035,1162,584;
60,8,1035,1086,554;
107,16,1035,1333,670;
184,29,1035,2439,1505;
130,20,1035,1041,546;
38,5,1035,1428,724;
52,7,1035,1587,821;
45,6,1035,5000,3965;
15,2,1035,1666,882;
10,1,1035,3846,2815;
190,30,1035,4347,3312;
93,14,1035,1470,750;
137,21,1035,1562,815;
179,28,1035,1000,533;
32,4,1035,3125,2123;
143,22,1035,1449,737;
156,24,1035,1123,575;
162,25,1035,2857,1880;
197,31,1035,1063,544;
131,20,1035,3846,2814;
88,13,1035,1086,563;
11,1,1035,1428,719;
185,29,1035,1470,739;
53,7,1035,1886,1041;
61,8,1035,1041,544;
144,22,1035,1538,786;
46,6,1035,1639,869;
16,2,1035,1190,605;
157,24,1035,2000,1134;
39,5,1035,2631,1671;
125,19,1035,2857,1877;
148,23,1035,1923,1066;
138,21,1035,2040,1157;
180,28,1035,5882,4847;
63,9,1035,1666,892;
132,20,1035,6666,5631;
76,11,1035,1219,611;
1035,1136,586;
17,2,1035,1333,671;
145,22,1035,1515,773;
54,7,1035,3225,2215;
191,30,1035,7142,6107;
23,3,1035,1020,538;
181,28,1035,6250,5215;
82,12,1035,2173,1283;
1035,2380,1450;
47,6,1035,1298,648;
18,2,1035,9090,8055;
1,0,1035,2173,1276;
126,19,1035,2040,1157;
149,23,1035,1282,642;
55,7,1035,1724,928;
77,11,1035,1063,560;
1035,3448,2432;
12,1,1035,2777,1794;
40,5,1035,2439,1505;
64,9,1035,5555,4520;
108,16,1035,1818,994;
24,3,1035,1587,827;
48,6,1035,3030,2035;
133,20,1035,5263,4228;
163,25,1035,12500,11465;
172,27,1035,1250,628;
65,9,1035,1886,1050;
1035,11111,10076;
111,17,1035,2127,1241;
2,0,1035,8333,7298;
118,18,1035,2040,1159;
13,1,1035,1315,658;
173,27,1035,1470,743;
1035,1136,583;
66,9,1035,7142,6107;
33,4,1035,2631,1665;
41,5,1035,12500,11465;
165,26,1035,3225,2221;
78,11,1035,2127,1241;
1035,1234,620;
119,18,1035,6666,5631;
89,13,1035,7692,6657;
94,14,1035,2857,1880;
109,16,1035,2000,1135;
112,17,1035,1136,580;
67,9,1035,4347,3312;
150,23,1035,4545,3510;
127,19,1035,1123,568;
166,26,1035,1020,544;
120,18,1035,1098,555;
95,14,1035,1162,579;
90,13,1035,2439,1506;
174,27,1035,3571,2546;
1035,14285,13250;
69,10,1035,1000,530;
1035,1098,560;
151,23,1035,1388,700;
113,17,1035,9090,8055;
198,31,1035,1886,1051;
1035,1030,543;
96,14,1035,3703,2674;
3,0,1035,3333,2321;
1035,1315,657;
167,26,1035,2777,1806;
34,4,1035,9090,8055;
186,29,1035,14285,13250;
100,15,1035,2777,1800;
79,11,1035,1639,863;
121,18,1035,1492,752;
70,10,1035,2000,1129;
91,13,1035,1724,924;
114,17,1035,1388,698;
187,29,1035,2173,1277;
1035,1449,732;
1035,1562,814;
1035,1219,619;
1035,2173,1289;
168,26,1035,2222,1321;
1035,11111,10076;
139,21,1035,1851,1010;
115,17,1035,3846,2817;
199,31,1035,1886,1039;
169,26,1035,4347,3312;
101,15,1035,1666,884;
1035,5263,4228;
4,0,1035,1086,566;
1035,3703,2677;
1035,5882,4847;
97,14,1035,12500,11465;
19,2,1035,2500,1552;
102,15,1035,3448,2433;
1035,14285,13250;
192,30,1035,4761,3726;
1035,10000,8965;
1035,1960,1105;
103,15,1035,2941,1957;
20,2,1035,2631,1676;
193,30,1035,7142,6107;
5,0,1035,14285,13250;
175,27,1035,1052,546;
1035,9090,8055;
1035,20000,18965;
25,3,1035,6250,5215;
1035,6666,5631;
1035,16666,15631;
71,10,1035,2702,1737;
26,3,1035,1515,779;
72,10,1035,2380,1458;
27,3,1035,2222,1319;
73,10,1035,10000,8965;
6,0,1035,2857,1879;
1035,2000,1138;
1035,2173,1282;
1035,14285,13250;
1035,33333,32298;
1035,33333,32298;
1035,100000,98965;
83,12,1035,1176,600;
84,12,1035,10000,8965;
85,12,1035,1052,553;
task took 28.490000 seconds
