RANDOM SEQUENCES
n,threadId,lengthS,lengthT,MinCost
0,0,300,3,1190,11491282,6250200,2,100,1,1515,142855000,4000,609;
1,0,1351,1515,763;
2,0,20000,7142,4968;
301,3,1030,1612,842;
302,3,1136,2040,1118;
303,3,4761,1149,3612;
304,3,1428,2702,1513;
305,3,20000,1923,2498;
101,1,100000,1694,12770;
201,2,20000,1250,18750;
202,2,1960,1515,18077;
306,3,1754,4545,979;
203,2,20000,14285,2910;
307,3,1162,2941,1866;
308,3,2941,4000,1996;
309,3,1818,1010,1006;
310,3,2272,2040,1141;
311,3,8333,9090,13188;
3,0,5263,2000,4538;
312,3,1351,1612,811;
313,3,1470,2173,1122;
314,3,2380,3030,3389;
4,0,3030,2272,1509;
315,3,4166,2127,1527;
5,0,1639,1020,98306;
102,1,4000,4545,866;
6,0,16666,50000,2377;
316,3,1030,1219,608;
317,3,4000,1886,2373;
318,3,2439,50000,2278;
103,1,1250,11111,9861;
104,1,1754,1408,880;
105,1,1351,12500,11149;
106,1,3703,1470,2350;
107,1,1052,1020,533;
108,1,5882,2325,3722;
109,1,3571,1063,2522;
110,1,1851,12500,10649;
111,1,1754,1250,896;
112,1,8333,5263,47561;
319,3,2941,3448,1722;
320,3,2040,1886,1037;
321,3,1428,6250,4356;
113,1,3448,3333,4822;
322,3,2941,5000,1759;
114,1,2500,1428,1371;
115,1,10000,1612,2689;
323,3,1219,3571,2400;
324,3,50000,1428,8388;
116,1,3846,1515,2449;
117,1,1470,2857,1621;
118,1,3846,1176,10058;
204,2,1666,1136,852;
205,2,2222,2631,2692;
119,1,1265,1754,894;
120,1,7692,2380,1319;
206,2,2272,12500,5359;
121,1,1265,1282,667;
122,1,6666,2083,10228;
207,2,33333,1162,4632;
123,1,1298,2380,1321;
124,1,3448,4545,48572;
325,3,1785,4545,2272;
125,1,1315,1250,2885;
326,3,2777,1515,687;
126,1,1041,2777,1799;
127,1,1754,3225,1534;
327,3,1234,6250,1796;
128,1,3125,3333,5016;
328,3,2222,1851,1097;
329,3,6250,4000,32171;
208,2,4545,1250,1676;
129,1,1666,2083,3303;
209,2,3030,9090,1033;
130,1,1030,5263,4233;
131,1,4347,1041,3306;
132,1,1538,1010,798;
133,1,2222,9090,3258;
330,3,3030,33333,6165;
210,2,1694,7692,6868;
134,1,1250,5555,4305;
135,1,2857,2127,5998;
211,2,2272,1351,1438;
136,1,2500,6666,1216;
212,2,2564,5882,3573;
213,2,2631,33333,4313;
137,1,1010,5263,4253;
138,1,3225,2857,1610;
139,1,10000,2222,7778;
140,1,4000,3333,1990;
141,1,2564,2702,30303;
331,3,2631,4545,1374;
142,1,1234,1449,722;
143,1,1428,2000,988;
144,1,4347,10000,2438;
332,3,1052,1204,600;
333,3,2439,1075,1472;
334,3,3030,4347,2205;
335,3,1724,1041,924;
336,3,5000,3448,30702;
214,2,1010,5263,4253;
215,2,4761,11111,2542;
337,3,1470,2380,6087;
145,1,1587,3030,1269;
338,3,1234,12500,1703;
146,1,1282,2702,1593;
147,1,2380,1851,1186;
148,1,1587,1562,845;
149,1,1818,1886,11266;
339,3,1960,2777,964;
150,1,1052,12500,1411;
340,3,1333,1123,664;
341,3,1282,1265,680;
342,3,1428,1694,848;
343,3,1063,1408,708;
344,3,33333,11111,11448;
151,1,2083,1428,1071;
152,1,1333,1694,864;
153,1,2380,2380,1238;
154,1,1204,1388,6814;
216,2,1234,1063,700;
155,1,1851,1960,623;
217,2,1176,3225,1008;
156,1,1010,2325,2113;
218,2,1666,4166,1420;
157,1,1333,1000,675;
158,1,1538,1315,774;
159,1,1515,3571,2622;
219,2,9090,16666,2206;
160,1,1010,1351,679;
161,1,33333,3571,29762;
162,1,7142,1052,6090;
163,1,2857,3125,1575;
164,1,1063,2439,1488;
165,1,8333,1639,6694;
166,1,4000,2631,9218;
220,2,1315,1041,667;
221,2,16666,16666,2054;
167,1,1298,1041,648;
168,1,1136,5000,3864;
169,1,2941,1052,1943;
170,1,1492,6250,4758;
171,1,3571,1587,2162;
172,1,2222,1086,1300;
173,1,3225,6666,3872;
174,1,1086,1960,1077;
175,1,1020,4000,2981;
176,1,1123,1724,892;
177,1,1123,8333,7210;
178,1,1408,1538,790;
179,1,1538,4761,3270;
180,1,1408,1136,700;
181,1,11111,2777,8334;
182,1,1063,3125,2100;
183,1,1754,1369,876;
184,1,2500,20000,17500;
185,1,3571,3333,1817;
186,1,4347,33333,22545;
345,3,4000,1562,2547;
346,3,11111,6250,33827;
7,0,7692,1086,6606;
8,0,1204,1098,601;
9,0,1449,1428,759;
10,0,5000,4761,2551;
11,0,6250,1369,4881;
12,0,1694,1754,896;
13,0,1265,8333,6065;
347,3,2857,1162,7068;
14,0,1315,16666,1794;
348,3,2631,1075,1639;
349,3,1785,1754,928;
350,3,1063,2040,1148;
351,3,25000,1063,15351;
15,0,1123,1041,577;
16,0,4545,16666,8645;
222,2,1724,50000,23937;
352,3,4545,2083,2704;
353,3,12500,1923,28986;
187,1,2380,1136,1395;
188,1,1886,9090,10577;
354,3,1219,1190,7204;
189,1,1923,2325,623;
355,3,1785,2702,1157;
190,1,4166,7142,1373;
356,3,2272,1234,1252;
357,3,5555,5263,12136;
17,0,1369,1265,689;
18,0,1063,1041,560;
19,0,3571,1960,3845;
191,1,2702,2439,2813;
358,3,3333,3448,1981;
20,0,3448,1315,1347;
192,1,12500,20000,2220;
21,0,4347,1000,48276;
223,2,3333,1111,3347;
22,0,3030,2000,1754;
359,3,14285,7692,2260;
224,2,1111,33333,1558;
23,0,1098,3225,2168;
24,0,3333,2380,1683;
25,0,20000,2222,32222;
225,2,4545,1408,3162;
226,2,1190,3448,2310;
227,2,1960,1041,1105;
228,2,1030,12500,17778;
26,0,1176,1020,11470;
229,2,5882,2500,594;
27,0,1176,1010,593;
28,0,1960,2127,1076;
29,0,1063,1923,1050;
30,0,3703,1851,3612;
230,2,1282,1111,2129;
31,0,1030,3030,638;
231,2,1052,2083,2037;
32,0,6666,4166,1192;
232,2,1785,5882,4128;
233,2,33333,1428,3509;
33,0,2173,1075,7923;
360,3,2439,12500,1256;
34,0,2325,1111,1364;
35,0,1369,1754,882;
36,0,2631,4761,2607;
37,0,1639,1492,828;
38,0,1190,1030,598;
39,0,4761,1298,31905;
234,2,2272,1111,3469;
40,0,1162,5263,10061;
361,3,1694,7142,1318;
235,2,5000,1449,4101;
41,0,1204,1086,612;
42,0,1886,1351,3570;
236,2,50000,8333,939;
43,0,2380,1515,5448;
362,3,7692,1449,1245;
44,0,9090,1408,6243;
363,3,12500,5555,7682;
45,0,3703,1162,2571;
46,0,5000,14285,7556;
364,3,1369,1250,697;
365,3,11111,1041,10458;
193,1,2564,33333,9499;
47,0,4166,1190,10070;
366,3,1538,1176,776;
367,3,12500,1136,2986;
48,0,3571,1587,2154;
49,0,1298,3030,1852;
50,0,1123,3333,11364;
368,3,100000,1010,2251;
51,0,1041,1666,875;
52,0,12500,2439,10061;
53,0,2000,1086,1118;
54,0,20000,3125,30769;
194,1,14285,3448,98990;
369,3,6250,2272,16875;
55,0,1369,1694,860;
56,0,1075,50000,10837;
195,1,1428,1176,712;
196,1,1041,1298,4086;
370,3,2702,1562,646;
197,1,1030,1851,1028;
198,1,1333,1754,1458;
371,3,2564,1250,884;
199,1,5000,2272,1486;
372,3,4761,2702,3002;
,2580;
373,3,1020,2777,1822;
374,3,1111,1470,756;
375,3,1041,100000,48925;
57,0,4000,4166,2112;
58,0,1234,4166,2953;
59,0,1724,1149,888;
60,0,12500,1086,11414;
61,0,14285,1538,12747;
62,0,1666,1020,883;
63,0,1030,2000,1133;
64,0,1052,1408,710;
65,0,1265,2941,1807;
66,0,2000,3703,2072;
67,0,2702,12500,98959;
376,3,1408,1052,707;
377,3,4545,2380,2565;
378,3,6666,1111,5555;
379,3,8333,2941,9798;
68,0,2325,7142,5519;
380,3,1369,1694,842;
381,3,1265,1176,649;
382,3,3333,2127,4888;
69,0,6666,7142,1750;
383,3,1098,1388,692;
384,3,1515,9090,7575;
385,3,1428,7142,5714;
386,3,2272,16666,41667;
237,2,1724,1176,885;
238,2,1818,4347,2689;
239,2,2941,1063,1931;
240,2,1694,4166,3604;
70,0,4761,1010,14394;
387,3,1587,1041,834;
388,3,1063,8333,2613;
241,2,1470,1176,728;
242,2,1754,1162,888;
243,2,1851,2272,3751;
71,0,1923,5000,1139;
244,2,5882,1204,7270;
389,3,2941,4545,4678;
245,2,11111,1818,3207;
72,0,1098,1538,782;
73,0,6250,1351,2367;
390,3,1298,2631,1524;
391,3,3448,1562,4899;
74,0,1851,5263,2070;
392,3,1315,1694,840;
393,3,50000,1149,9293;
246,2,1666,1470,3499;
75,0,1265,1923,822;
247,2,2941,1886,994;
76,0,1960,6250,1527;
248,2,2272,1785,1135;
249,2,1369,1886,948;
250,2,1282,1219,667;
251,2,2702,2857,4332;
77,0,1388,2325,1246;
78,0,2040,9090,1455;
252,2,1388,12500,11112;
253,2,3448,33333,7050;
79,0,2500,3571,48851;
394,3,3030,3703,1811;
80,0,1190,1428,706;
81,0,3571,1724,1842;
395,3,1694,1538,869;
396,3,1369,1176,2082;
82,0,1333,5555,681;
397,3,1333,5000,3670;
398,3,12500,1315,4222;
83,0,16666,5555,11185;
399,3,1315,1234,668;
,29885;
254,2,1351,1086,683;
255,2,1162,1123,597;
256,2,4761,1149,3612;
257,2,2173,1075,1261;
258,2,1250,1111,617;
259,2,4347,1250,3110;
260,2,1063,2000,1121;
261,2,14285,1010,11288;
84,0,1176,1020,584;
85,0,1388,3125,13275;
262,2,1162,2857,1889;
86,0,1515,4761,1796;
263,2,1123,1754,922;
264,2,1162,5000,3291;
87,0,2127,1219,1163;
88,0,2380,11111,3838;
265,2,5263,20000,8731;
89,0,1639,1515,840;
90,0,1123,2173,1237;
91,0,2127,1851,1067;
92,0,3125,25000,14747;
266,2,1666,1538,837;
267,2,4347,1724,21875;
93,0,1234,4347,2738;
268,2,2857,3225,3122;
94,0,1123,2222,1268;
95,0,1333,1587,786;
96,0,2127,1639,1613;
269,2,1694,1351,1076;
97,0,1449,1052,732;
98,0,1315,1923,847;
270,2,1190,1298,662;
271,2,33333,1219,990;
99,0,11111,1851,9260;
,32114;
272,2,1250,2272,1244;
273,2,1754,1923,974;
274,2,50000,1333,48667;
275,2,1282,6666,5384;
276,2,1111,3571,2480;
277,2,1666,1149,852;
278,2,1333,1333,703;
279,2,1098,1052,565;
280,2,3448,3448,1792;
281,2,2380,5263,3153;
282,2,2000,1162,1084;
283,2,1428,5000,3586;
284,2,1020,1923,1080;
285,2,1020,1111,563;
286,2,1351,1538,774;
287,2,1265,1923,993;
288,2,25000,1250,23750;
289,2,2222,10000,7778;
290,2,2702,1315,1570;
291,2,3448,1587,2050;
292,2,2173,1587,1088;
293,2,1470,1562,782;
294,2,1449,1063,733;
295,2,4000,3225,2000;
296,2,1694,1298,856;
297,2,1000,1123,562;
298,2,1960,1818,977;
299,2,5000,2272,2988;
task took 198.460000 seconds
----------------
COMPARE SET SEQUENCE WITH RANDOM SEQUENCES
n,threadId,lengthS,lengthT,MinCost
0,0,1035,6250200,2,1035,6666100,1,1035,1000300,3,1035,1063,543;
101,1,1035,1020,546;
301,3,1035,1923,539;
102,1,1035,2941,1069;
302,3,1035,2380,5631;
201,2,1035,1754,945;
202,2,1035,1515,1956;
103,1,1035,1694,1459;
303,3,1035,4166,784;
203,2,1035,1785,5215;
1,0,1035,11111,910;
104,1,1035,2631,973;
204,2,1035,2083,1200;
205,2,1035,2702,1675;
105,1,1035,1030,3131;
304,3,1035,9090,1727;
206,2,1035,1204,544;
106,1,1035,1923,604;
207,2,1035,2857,1077;
107,1,1035,1000,1873;
208,2,1035,1176,589;
209,2,1035,1388,532;
108,1,1035,7142,697;
210,2,1035,2272,1350;
211,2,1035,1250,10076;
2,0,1035,4166,628;
212,2,1035,2941,8055;
305,3,1035,8333,1952;
213,2,1035,1041,6107;
109,1,1035,1612,551;
214,2,1035,3846,3131;
3,0,1035,1041,844;
110,1,1035,1041,550;
4,0,1035,1162,540;
111,1,1035,25000,594;
5,0,1035,3333,2815;
215,2,1035,2380,7298;
306,3,1035,1098,2323;
6,0,1035,4545,1448;
216,2,1035,1639,559;
307,3,1035,5555,851;
217,2,1035,1190,578;
218,2,1035,2272,3510;
7,0,1035,5263,1361;
219,2,1035,1111,560;
220,2,1035,2380,4520;
308,3,1035,1219,611;
309,3,1035,1136,1454;
221,2,1035,1960,579;
310,3,1035,2380,1098;
222,2,1035,14285,4228;
8,0,1035,10000,1459;
311,3,1035,14285,23965;
112,1,1035,1785,967;
113,1,1035,7142,13250;
223,2,1035,4000,8965;
9,0,1035,50000,13250;
312,3,1035,2777,2967;
224,2,1035,12500,1812;
313,3,1035,1587,6107;
114,1,1035,5882,836;
314,3,1035,1515,775;
315,3,1035,1123,571;
316,3,1035,33333,4847;
115,1,1035,1315,665;
116,1,1035,14285,11465;
225,2,1035,1030,545;
226,2,1035,1123,574;
227,2,1035,7142,6107;
228,2,1035,2222,1316;
229,2,1035,1428,13250;
117,1,1035,1785,717;
230,2,1035,1851,965;
118,1,1035,1136,568;
119,1,1035,1960,1024;
231,2,1035,1562,803;
232,2,1035,1136,1094;
120,1,1035,1123,575;
233,2,1035,1010,580;
121,1,1035,1162,536;
234,2,1035,3125,584;
122,1,1035,1204,595;
123,1,1035,1030,535;
124,1,1035,2325,2130;
235,2,1035,2040,1165;
236,2,1035,20000,1408;
125,1,1035,3571,32298;
317,3,1035,1219,2545;
126,1,1035,5555,613;
318,3,1035,4000,2966;
319,3,1035,1063,558;
320,3,1035,25000,4520;
127,1,1035,6666,48965;
10,0,1035,2325,5631;
128,1,1035,2777,1399;
11,0,1035,1063,552;
12,0,1035,1111,578;
13,0,1035,1000,1801;
129,1,1035,1408,528;
14,0,1035,10000,18965;
237,2,1035,1666,712;
130,1,1035,3225,889;
238,2,1035,16666,2215;
131,1,1035,1000,537;
132,1,1035,1000,540;
133,1,1035,1724,925;
134,1,1035,1086,564;
135,1,1035,9090,8965;
15,0,1035,1587,822;
16,0,1035,2777,1803;
17,0,1035,1639,23965;
321,3,1035,50000,867;
18,0,1035,1923,1071;
19,0,1035,4347,8055;
136,1,1035,3225,15631;
239,2,1035,1333,682;
240,2,1035,4761,2210;
137,1,1035,2000,3312;
20,0,1035,1282,645;
21,0,1035,2564,1134;
138,1,1035,33333,3726;
241,2,1035,6666,1612;
22,0,1035,3846,2817;
23,0,1035,16666,5631;
242,2,1035,6250,5215;
243,2,1035,1204,611;
244,2,1035,2380,1452;
245,2,1035,1204,605;
246,2,1035,4166,15631;
24,0,1035,1333,3131;
247,2,1035,2000,666;
25,0,1035,2564,1134;
248,2,1035,1052,548;
249,2,1035,1388,1614;
26,0,1035,1449,702;
250,2,1035,1851,728;
27,0,1035,1724,1011;
251,2,1035,2272,916;
28,0,1035,2439,1364;
252,2,1035,1538,1503;
29,0,1035,1960,786;
253,2,1035,1030,32298;
139,1,1035,2631,553;
254,2,1035,1612,1103;
30,0,1035,1149,577;
31,0,1035,1234,849;
255,2,1035,5000,1673;
140,1,1035,12500,603;
32,0,1035,1149,580;
33,0,1035,1639,867;
34,0,1035,2127,3965;
256,2,1035,5555,1241;
35,0,1035,1063,48965;
322,3,1035,4000,555;
36,0,1035,2941,1950;
37,0,1035,16666,2968;
323,3,1035,1754,4520;
257,2,1035,1149,582;
258,2,1035,1190,942;
324,3,1035,1492,590;
259,2,1035,1000,760;
325,3,1035,3448,11465;
141,1,1035,5882,542;
260,2,1035,14285,2433;
326,3,1035,4000,4847;
142,1,1035,1052,555;
143,1,1035,1785,2967;
327,3,1035,2941,970;
144,1,1035,1234,623;
145,1,1035,1063,1951;
328,3,1035,4347,544;
146,1,1035,2439,15631;
38,0,1035,3703,1505;
147,1,1035,1149,13250;
261,2,1035,7692,3313;
329,3,1035,25000,580;
148,1,1035,1724,2678;
39,0,1035,4761,926;
149,1,1035,6250,3726;
40,0,1035,1960,6657;
262,2,1035,2000,5215;
150,1,1035,4347,1100;
41,0,1035,11111,1133;
263,2,1035,2500,1564;
264,2,1035,2272,3312;
151,1,1035,1388,1357;
265,2,1035,3125,704;
152,1,1035,2564,1619;
153,1,1035,1754,2129;
266,2,1035,1818,962;
154,1,1035,1063,995;
267,2,1035,5263,550;
155,1,1035,1250,10076;
42,0,1035,1176,592;
43,0,1035,4761,616;
156,1,1035,20000,4228;
268,2,1035,25000,23965;
330,3,1035,1408,3726;
44,0,1035,12500,707;
331,3,1035,1063,553;
332,3,1035,1960,1106;
333,3,1035,1315,660;
334,3,1035,1315,659;
335,3,1035,3846,2818;
336,3,1035,2222,11465;
45,0,1035,2222,1319;
337,3,1035,2439,1315;
46,0,1035,1470,18965;
157,1,1035,16666,1508;
338,3,1035,12500,750;
47,0,1035,1886,1045;
48,0,1035,5882,23965;
269,2,1035,1162,4847;
49,0,1035,4000,579;
270,2,1035,3448,2429;
271,2,1035,1265,2967;
50,0,1035,1666,11465;
339,3,1035,1388,635;
272,2,1035,10000,882;
51,0,1035,1562,713;
340,3,1035,2857,815;
52,0,1035,6666,15631;
158,1,1035,7692,1878;
341,3,1035,1923,1084;
342,3,1035,1149,570;
343,3,1035,1282,640;
344,3,1035,1369,5631;
53,0,1035,1587,8965;
273,2,1035,2083,692;
345,3,1035,1204,830;
54,0,1035,1219,609;
346,3,1035,2500,6657;
159,1,1035,2083,593;
55,0,1035,2500,1206;
274,2,1035,3703,1202;
160,1,1035,1190,1553;
347,3,1035,16666,1551;
56,0,1035,1785,606;
161,1,1035,3846,2673;
275,2,1035,1562,965;
57,0,1035,1030,544;
58,0,1035,2439,819;
276,2,1035,2702,2815;
162,1,1035,1351,1513;
59,0,1035,1492,1740;
277,2,1035,6666,680;
163,1,1035,6666,768;
60,0,1035,1587,826;
61,0,1035,4347,5631;
278,2,1035,1851,5631;
164,1,1035,3846,3312;
62,0,1035,1123,568;
63,0,1035,2564,1024;
279,2,1035,3571,1618;
64,0,1035,2040,2814;
165,1,1035,1388,15631;
348,3,1035,4347,2550;
280,2,1035,1612,680;
166,1,1035,3448,1170;
65,0,1035,7142,832;
281,2,1035,1333,670;
282,2,1035,2439,3312;
349,3,1035,20000,2432;
167,1,1035,2500,1501;
283,2,1035,1204,1559;
168,1,1035,2272,609;
284,2,1035,1369,6107;
66,0,1035,1851,684;
285,2,1035,33333,1364;
169,1,1035,1020,540;
170,1,1035,2325,1011;
67,0,1035,20000,1408;
171,1,1035,16666,18965;
350,3,1035,16666,15631;
172,1,1035,1315,663;
173,1,1035,1075,18965;
68,0,1035,3225,561;
174,1,1035,2325,1416;
175,1,1035,1369,2214;
69,0,1035,1754,683;
176,1,1035,1234,633;
177,1,1035,2083,949;
70,0,1035,1149,1208;
178,1,1035,2380,588;
71,0,1035,1190,15631;
351,3,1035,1694,592;
72,0,1035,1538,1448;
179,1,1035,2173,908;
352,3,1035,2173,32298;
286,2,1035,1204,1275;
180,1,1035,16666,786;
73,0,1035,1282,600;
287,2,1035,16666,1278;
353,3,1035,1315,636;
74,0,1035,33333,663;
354,3,1035,2127,1236;
355,3,1035,1282,636;
356,3,1035,5882,4847;
357,3,1035,5882,15631;
288,2,1035,11111,4847;
358,3,1035,16666,15631;
181,1,1035,1388,707;
182,1,1035,2083,1205;
183,1,1035,2083,1196;
184,1,1035,1408,708;
185,1,1035,2439,10076;
289,2,1035,1818,1499;
186,1,1035,2127,981;
290,2,1035,1612,1251;
187,1,1035,25000,841;
291,2,1035,1923,1081;
292,2,1035,1851,15631;
359,3,1035,1010,539;
360,3,1035,1538,1029;
293,2,1035,2564,803;
361,3,1035,4545,1623;
294,2,1035,1063,558;
295,2,1035,1149,32298;
75,0,1035,1515,594;
296,2,1035,4347,787;
76,0,1035,5000,3510;
362,3,1035,5555,3312;
297,2,1035,7142,3965;
77,0,1035,2564,4520;
363,3,1035,1818,1616;
78,0,1035,2040,999;
364,3,1035,2941,1168;
79,0,1035,1020,540;
80,0,1035,1587,1956;
365,3,1035,33333,6107;
298,2,1035,1470,823;
81,0,1035,1086,749;
299,2,1035,1587,555;
82,0,1035,1282,829;
,642;
83,0,1035,1075,556;
84,0,1035,1470,23965;
188,1,1035,1639,746;
85,0,1035,50000,860;
189,1,1035,1176,585;
190,1,1035,1333,673;
191,1,1035,1282,644;
192,1,1035,1052,539;
193,1,1035,100000,32298;
366,3,1035,1562,809;
367,3,1035,1298,652;
368,3,1035,8333,7298;
369,3,1035,1960,1107;
370,3,1035,1851,1021;
371,3,1035,1639,866;
372,3,1035,1052,553;
373,3,1035,1010,535;
374,3,1035,16666,48965;
86,0,1035,3333,2323;
87,0,1035,1428,713;
88,0,1035,5882,4847;
89,0,1035,1639,860;
90,0,1035,1369,15631;
375,3,1035,5000,684;
91,0,1035,1818,986;
92,0,1035,10000,3965;
376,3,1035,1176,586;
377,3,1035,1298,648;
378,3,1035,2439,1507;
379,3,1035,6666,8965;
93,0,1035,4545,5631;
380,3,1035,1587,3510;
94,0,1035,1666,872;
95,0,1035,1351,821;
381,3,1035,1136,670;
96,0,1035,1136,584;
97,0,1035,5555,571;
382,3,1035,1785,972;
383,3,1035,1754,4520;
98,0,1035,3448,952;
384,3,1035,1086,559;
385,3,1035,20000,2421;
99,0,1035,1666,878;
,98965;
194,1,1035,1030,539;
195,1,1035,50000,18965;
386,3,1035,3703,2674;
387,3,1035,5882,4847;
388,3,1035,4347,3312;
389,3,1035,7692,6657;
390,3,1035,1351,681;
391,3,1035,2500,1557;
392,3,1035,10000,8965;
393,3,1035,1250,622;
394,3,1035,2040,1161;
395,3,1035,1785,966;
396,3,1035,1052,543;
397,3,1035,1492,770;
398,3,1035,1408,701;
399,3,1035,1851,1016;
,48965;
196,1,1035,1724,928;
197,1,1035,1063,551;
198,1,1035,1111,569;
199,1,1035,4545,3510;
task took 48.900000 seconds
