RANDOM SEQUENCES
n,threadId,lengthS,lengthT,MinCost
0,0,200,1,1190,1149,615;
1,0,14285,9090,7433;
2,0,1282,1190,651;
3,0,1515,1724,870;
4,0,1204,1960,1038;
5,0,1190,1075,606;
6,0,2083,1149,1153;
7,0,2702,1010,1756;
8,0,9090,16666,9230;
201,1,2222,1886,1114;
202,1,1470,2941,1681;
203,1,2500,1204,1461;
204,1,1818,1041,993;
205,1,11111,1666,9445;
9,0,3225,2127,1665;
206,1,1098,1041,564;
207,1,2702,3571,1780;
10,0,1190,2500,1472;
11,0,4166,1562,2699;
208,1,1052,1388,694;
12,0,3571,1562,2169;
209,1,1923,3125,1658;
13,0,1562,1041,808;
210,1,2040,1020,1175;
211,1,1562,1250,782;
212,1,2500,2222,1241;
213,1,10000,1298,8702;
14,0,1724,2702,1421;
214,1,1960,4166,2459;
15,0,1515,4761,3285;
215,1,4545,1538,3063;
216,1,2500,4347,2349;
217,1,1666,10000,8334;
218,1,3571,5555,2896;
219,1,5263,1408,3857;
220,1,1724,2500,1274;
221,1,1000,100000,99000;
222,1,1315,2083,1095;
223,1,1063,3030,2017;
224,1,7692,1694,5998;
225,1,1315,2777,1637;
226,1,1098,1111,572;
227,1,1030,1851,1012;
228,1,3571,14285,10714;
229,1,1176,1204,627;
230,1,3225,6666,3879;
231,1,1219,2941,1825;
232,1,3571,3333,1808;
233,1,10000,1234,8766;
234,1,2564,1666,1334;
235,1,1754,1754,911;
236,1,1785,1086,962;
237,1,1176,4545,3370;
238,1,1315,1149,668;
239,1,2500,3225,1611;
240,1,2222,4545,2630;
241,1,1754,1219,894;
242,1,1754,1075,943;
243,1,1449,6666,5217;
244,1,7142,2564,4696;
245,1,1282,1470,744;
246,1,1388,1052,700;
247,1,1388,5882,4494;
248,1,2941,4761,2515;
249,1,3846,1282,2609;
250,1,2380,1020,1452;
251,1,20000,20000,10343;
16,0,16666,1785,14881;
17,0,1020,5555,4535;
18,0,1000,16666,15666;
19,0,1612,1098,834;
20,0,2083,3225,1680;
21,0,1538,4347,2871;
22,0,6250,2777,3769;
23,0,1408,1724,865;
24,0,1639,1000,881;
25,0,2272,1388,1210;
26,0,1428,1960,990;
27,0,7692,1449,6243;
28,0,1063,1204,601;
29,0,1063,2325,1389;
30,0,1162,1098,596;
31,0,9090,6250,4646;
32,0,1190,1449,738;
33,0,1265,2941,1801;
34,0,5263,2380,3162;
35,0,1265,2000,1054;
36,0,1086,1612,833;
37,0,50000,1204,48796;
38,0,1408,1960,995;
39,0,10000,2127,7873;
40,0,2173,1000,1291;
41,0,1351,2500,1402;
42,0,3225,1063,2195;
43,0,2000,1010,1151;
44,0,1333,1052,674;
45,0,3448,3846,1945;
46,0,50000,6666,43334;
252,1,2325,4347,2419;
253,1,1818,1785,939;
254,1,1282,5000,3718;
255,1,4347,7692,4180;
47,0,1086,1136,582;
48,0,1190,1250,659;
49,0,1098,1923,1059;
50,0,2941,1333,1765;
51,0,2777,25000,22223;
52,0,1030,2500,1556;
53,0,2083,6250,4237;
54,0,33333,3571,29762;
256,1,5555,2941,3116;
55,0,1075,1515,766;
56,0,4347,1030,3317;
257,1,1265,7142,5877;
57,0,2702,5263,2989;
258,1,3225,3125,1650;
259,1,1315,1162,671;
260,1,3125,4347,2188;
261,1,2564,2631,1344;
262,1,50000,2272,47728;
58,0,3030,1086,1989;
59,0,1041,1515,791;
60,0,3333,2439,1652;
61,0,1176,4347,3178;
62,0,1265,1724,868;
63,0,1694,100000,98306;
263,1,2500,1351,1406;
264,1,2631,1851,1339;
265,1,2040,4000,2275;
266,1,1111,1818,969;
267,1,2439,50000,47561;
64,0,1020,2380,1453;
65,0,1754,1136,912;
66,0,1149,1724,882;
67,0,7142,1282,5860;
68,0,1265,1666,835;
69,0,1369,1449,741;
70,0,2040,1754,1017;
71,0,2941,1515,1670;
72,0,1086,2564,1577;
73,0,1724,1388,853;
74,0,1369,1785,895;
75,0,1041,2083,1203;
76,0,6666,4545,3379;
77,0,100000,1149,98851;
268,1,1282,1149,651;
269,1,10000,1149,8851;
270,1,2325,1075,1385;
271,1,5882,1851,4074;
272,1,1724,12500,10776;
273,1,1123,50000,48877;
78,0,1470,6666,5196;
79,0,2127,1754,1057;
80,0,2040,4545,2727;
81,0,2222,2380,1199;
82,0,1428,1639,832;
83,0,1000,20000,19000;
84,0,2380,3571,1846;
85,0,2857,1851,1484;
86,0,1315,2439,1359;
87,0,6666,10000,5108;
274,1,1666,1818,933;
275,1,1234,4000,2784;
88,0,1666,1162,847;
276,1,1041,5263,4222;
277,1,3333,2941,1652;
89,0,1063,1408,709;
90,0,3448,1785,1948;
91,0,1111,4545,3434;
92,0,2173,1041,1268;
93,0,5263,8333,4384;
278,1,3846,1052,2801;
279,1,4545,14285,9842;
94,0,1449,6250,4801;
95,0,2222,1449,1149;
96,0,1075,2777,1779;
97,0,5882,1639,4249;
98,0,4761,2173,2843;
99,0,4166,33333,29167;
280,1,3448,1298,2225;
281,1,1351,33333,31982;
282,1,2631,1754,1348;
283,1,2325,2173,1192;
284,1,1052,3846,2798;
285,1,2083,12500,10417;
286,1,1724,100000,98276;
100,0,16666,1666,15000;
101,0,2222,1020,1323;
102,0,2777,25000,22223;
287,1,5882,1694,4203;
288,1,2272,16666,14394;
103,0,14285,3225,11060;
104,0,5263,1020,4243;
105,0,2702,1162,1648;
106,0,2272,1086,1343;
107,0,1408,50000,48592;
289,1,2777,8333,5640;
290,1,1086,1666,878;
291,1,3846,1562,2408;
292,1,2173,1030,1288;
293,1,2127,1086,1209;
294,1,2000,1111,1109;
295,1,1190,1886,988;
296,1,1111,1265,643;
297,1,1515,3333,1991;
298,1,2173,1041,1272;
299,1,2857,1351,1685;
300,1,2000,33333,31333;
108,0,3846,1388,2529;
301,1,1492,5882,4392;
302,1,1470,2083,1058;
303,1,1010,6250,5240;
304,1,1408,1754,888;
305,1,2127,3703,2016;
306,1,1612,3225,1852;
307,1,1176,1666,837;
308,1,1086,1369,689;
309,1,3030,1960,1581;
310,1,7142,6250,3560;
109,0,1075,3125,2087;
311,1,1449,1851,922;
110,0,2564,1515,1375;
111,0,2173,1449,1128;
112,0,2564,1052,1602;
113,0,3225,1086,2175;
114,0,3225,5555,3008;
115,0,10000,1785,8215;
116,0,1149,7142,5993;
117,0,1315,2941,1778;
118,0,3225,25000,21775;
312,1,25000,1449,23551;
313,1,1369,20000,18631;
314,1,5882,4545,2903;
315,1,1063,1176,607;
316,1,2222,1785,1113;
317,1,1204,33333,32129;
318,1,1010,2173,1286;
319,1,33333,5555,27778;
119,0,2127,4166,2374;
120,0,1020,12500,11480;
121,0,1282,1960,1027;
122,0,2127,3703,2024;
123,0,1538,1176,769;
124,0,1408,1612,815;
125,0,1562,1190,779;
126,0,1724,1369,866;
127,0,1351,1639,803;
128,0,1111,3448,2368;
129,0,1818,3448,1931;
130,0,1612,1265,797;
131,0,7142,1470,5672;
132,0,1639,1162,850;
133,0,2272,2857,1416;
134,0,1265,1020,632;
135,0,1075,20000,18925;
136,0,1470,1333,741;
137,0,1176,2439,1424;
138,0,1785,100000,98215;
320,1,1075,2631,1647;
321,1,1123,12500,11377;
322,1,2222,2272,1164;
323,1,5263,3448,2731;
324,1,1612,3225,1859;
325,1,2173,1315,1167;
326,1,2777,1190,1713;
327,1,1587,8333,6746;
328,1,2272,4545,2612;
329,1,1020,12500,11480;
330,1,9090,5263,4904;
331,1,5000,1470,3549;
332,1,3571,3125,1785;
333,1,6250,33333,27083;
139,0,1265,2941,1797;
140,0,1587,9090,7503;
334,1,1351,2000,1023;
335,1,2380,1123,1404;
336,1,1111,1204,621;
337,1,7142,4545,3723;
141,0,12500,1333,11167;
142,0,33333,1388,31945;
338,1,1149,1492,745;
339,1,1052,4000,2951;
340,1,14285,1020,13265;
341,1,2083,3571,1934;
342,1,33333,1075,32258;
143,0,2272,1369,1219;
343,1,1515,1176,749;
344,1,3225,1351,2005;
144,0,2380,1041,1449;
145,0,4545,2631,2459;
345,1,3125,5555,3048;
346,1,5882,1086,4796;
347,1,5000,1041,3959;
348,1,1538,25000,23462;
146,0,1190,8333,7143;
147,0,5263,1176,4087;
148,0,2564,1538,1375;
149,0,1010,1785,991;
150,0,4761,6666,3361;
151,0,1250,1449,725;
152,0,1960,4761,2975;
153,0,1333,1086,670;
154,0,1369,3846,2551;
155,0,1010,2941,1973;
156,0,6666,1369,5297;
157,0,25000,2702,22298;
158,0,1351,1694,848;
159,0,1010,1562,823;
160,0,14285,11111,7095;
349,1,5000,1123,3877;
161,0,1123,1265,634;
162,0,3703,1020,2690;
163,0,1204,1219,635;
164,0,1030,20000,18970;
165,0,16666,1020,15646;
166,0,2127,2857,1440;
167,0,25000,2173,22827;
350,1,2702,1492,1493;
351,1,1234,4761,3531;
168,0,1063,1960,1090;
169,0,1204,1204,628;
170,0,1219,3846,2658;
171,0,3703,2564,1880;
352,1,1639,1020,863;
353,1,1149,10000,8851;
172,0,1030,1190,609;
173,0,2173,33333,31160;
354,1,5000,16666,11728;
355,1,2500,100000,97500;
356,1,1315,1639,827;
357,1,1030,1388,701;
358,1,7142,1492,5650;
359,1,1204,1666,845;
360,1,2380,1030,1453;
361,1,20000,20000,10368;
174,0,4166,10000,6191;
362,1,3571,5263,2696;
363,1,1219,1282,668;
364,1,1639,1612,837;
365,1,5555,2380,3394;
366,1,1075,5000,3925;
367,1,1123,1041,572;
368,1,2857,2083,1432;
369,1,3125,2040,1611;
370,1,5555,1098,4457;
371,1,8333,11111,5548;
175,0,5555,2173,3527;
372,1,4761,1041,3720;
176,0,2040,1265,1074;
177,0,1449,50000,48551;
373,1,1176,1075,583;
374,1,2040,5555,3626;
375,1,2702,1315,1567;
376,1,1612,2272,1145;
377,1,1041,2272,1357;
378,1,6666,20000,13528;
178,0,6250,1136,5114;
179,0,5000,1020,3980;
180,0,4347,1694,2769;
181,0,1020,6250,5230;
182,0,2439,1010,1523;
183,0,2500,1030,1543;
184,0,1587,2857,1568;
185,0,2857,2941,1524;
186,0,4545,4545,2367;
187,0,1265,4761,3502;
188,0,1666,1123,867;
189,0,1190,5000,3810;
190,0,1333,4347,3036;
191,0,3030,1020,2055;
192,0,1538,2040,1024;
193,0,2127,2857,1425;
194,0,1587,2325,1202;
195,0,5263,33333,28070;
379,1,1123,1515,766;
380,1,1470,11111,9641;
196,0,1408,1754,870;
197,0,4000,3703,2009;
381,1,2857,3703,1849;
382,1,14285,1886,12399;
198,0,1298,2702,1590;
199,0,1020,9090,8070;
383,1,2857,1098,1830;
3846,4166,2098;
384,1,25000,3703,21297;
385,1,1333,1063,658;
386,1,1408,50000,48592;
387,1,1176,1250,633;
388,1,9090,1960,7130;
389,1,10000,4166,6179;
390,1,1388,1315,722;
391,1,1298,3333,2128;
392,1,1538,2857,1586;
393,1,2777,33333,30556;
394,1,1176,1818,951;
395,1,1562,6666,5104;
396,1,4545,1098,3447;
397,1,2083,3125,1606;
398,1,1219,1408,709;
399,1,1612,5263,3682;
task took 187.710000 seconds
----------------
COMPARE SET SEQUENCE WITH RANDOM SEQUENCES
n,threadId,lengthS,lengthT,MinCost
0,0,200,1,1035,3703,2678;
1,0,1035,1075,550;
2,0,1035,1369,684;
3,0,1035,16666,15631;
201,1,1035,4347,3312;
4,0,1035,2127,1240;
202,1,1035,2439,1495;
5,0,1035,3703,2676;
203,1,1035,1449,734;
204,1,1035,2500,1558;
6,0,1035,2439,1499;
7,0,1035,5882,4847;
205,1,1035,3225,2219;
8,0,1035,1369,678;
206,1,1035,1041,541;
207,1,1035,2272,1347;
9,0,1035,1538,792;
208,1,1035,1754,944;
10,0,1035,1136,578;
209,1,1035,2173,1284;
210,1,1035,1666,887;
211,1,1035,1000,541;
212,1,1035,1818,982;
213,1,1035,1538,796;
214,1,1035,7142,6107;
215,1,1035,3125,2129;
216,1,1035,8333,7298;
217,1,1035,2173,1271;
218,1,1035,50000,48965;
11,0,1035,1492,762;
12,0,1035,1470,749;
13,0,1035,1190,599;
14,0,1035,5882,4847;
15,0,1035,50000,48965;
16,0,1035,7142,6107;
17,0,1035,3030,2043;
18,0,1035,2631,1672;
19,0,1035,4761,3726;
20,0,1035,100000,98965;
219,1,1035,2127,1231;
220,1,1035,4000,2969;
21,0,1035,1587,825;
221,1,1035,1315,667;
22,0,1035,1818,985;
222,1,1035,1250,638;
23,0,1035,1369,680;
223,1,1035,1666,890;
224,1,1035,1111,566;
225,1,1035,3030,2039;
226,1,1035,4545,3510;
227,1,1035,3846,2815;
228,1,1035,1176,599;
229,1,1035,2083,1204;
230,1,1035,1098,561;
231,1,1035,1538,792;
232,1,1035,14285,13250;
24,0,1035,3846,2817;
233,1,1035,1219,620;
234,1,1035,1333,666;
235,1,1035,1315,670;
236,1,1035,1449,734;
237,1,1035,2380,1449;
238,1,1035,1851,1020;
239,1,1035,1010,544;
240,1,1035,3448,2431;
241,1,1035,16666,15631;
25,0,1035,1136,571;
242,1,1035,1063,556;
26,0,1035,2272,1349;
243,1,1035,2173,1289;
244,1,1035,2439,1504;
245,1,1035,1282,628;
246,1,1035,1041,546;
247,1,1035,3448,2432;
248,1,1035,6666,5631;
249,1,1035,20000,18965;
27,0,1035,2777,1801;
250,1,1035,2040,1172;
28,0,1035,1851,1027;
251,1,1035,1162,593;
252,1,1035,1234,625;
253,1,1035,5000,3965;
29,0,1035,2777,1806;
254,1,1035,2500,1555;
30,0,1035,1851,1020;
255,1,1035,1010,538;
256,1,1035,3333,2319;
31,0,1035,1538,802;
257,1,1035,1030,535;
32,0,1035,7142,6107;
33,0,1035,1298,661;
34,0,1035,1204,606;
35,0,1035,3571,2546;
36,0,1035,1492,759;
37,0,1035,3030,2033;
38,0,1035,20000,18965;
258,1,1035,2325,1407;
39,0,1035,1219,620;
259,1,1035,1851,1018;
40,0,1035,1162,594;
41,0,1035,1234,628;
42,0,1035,1234,617;
43,0,1035,1098,566;
44,0,1035,7692,6657;
260,1,1035,1818,1002;
45,0,1035,2040,1172;
46,0,1035,1000,537;
47,0,1035,2083,1187;
48,0,1035,1562,818;
49,0,1035,2173,1275;
50,0,1035,5555,4520;
51,0,1035,2941,1955;
52,0,1035,1587,824;
53,0,1035,1754,940;
54,0,1035,5882,4847;
55,0,1035,4000,2968;
56,0,1035,1851,1019;
57,0,1035,33333,32298;
261,1,1035,1492,763;
58,0,1035,2564,1613;
59,0,1035,4545,3510;
262,1,1035,1612,848;
60,0,1035,1086,563;
263,1,1035,2500,1555;
264,1,1035,1351,677;
265,1,1035,3125,2126;
266,1,1035,8333,7298;
61,0,1035,2631,1674;
267,1,1035,2439,1502;
62,0,1035,1333,672;
63,0,1035,2083,1206;
268,1,1035,1851,1018;
64,0,1035,1063,560;
65,0,1035,4347,3312;
269,1,1035,1315,652;
270,1,1035,4000,2966;
66,0,1035,2083,1197;
271,1,1035,1219,608;
272,1,1035,5555,4520;
67,0,1035,9090,8055;
68,0,1035,1538,790;
69,0,1035,1265,626;
70,0,1035,1265,638;
71,0,1035,2500,1555;
72,0,1035,1351,665;
73,0,1035,1369,690;
74,0,1035,1063,558;
75,0,1035,4347,3312;
76,0,1035,1030,545;
77,0,1035,1449,738;
78,0,1035,2325,1397;
79,0,1035,2564,1612;
80,0,1035,2222,1320;
81,0,1035,1369,686;
82,0,1035,2439,1508;
83,0,1035,1538,803;
84,0,1035,50000,48965;
273,1,1035,1449,736;
274,1,1035,9090,8055;
85,0,1035,1162,574;
86,0,1035,9090,8055;
87,0,1035,1250,625;
88,0,1035,2857,1881;
89,0,1035,1666,876;
90,0,1035,25000,23965;
275,1,1035,1250,625;
276,1,1035,6250,5215;
91,0,1035,1428,722;
277,1,1035,1785,973;
92,0,1035,2777,1806;
93,0,1035,5000,3965;
278,1,1035,1010,530;
279,1,1035,3125,2120;
94,0,1035,2325,1409;
280,1,1035,1351,673;
95,0,1035,1315,653;
281,1,1035,1030,540;
282,1,1035,4166,3133;
96,0,1035,2272,1358;
283,1,1035,1190,606;
97,0,1035,3125,2118;
98,0,1035,6250,5215;
99,0,1035,1694,911;
100,0,1035,1265,647;
101,0,1035,1149,587;
102,0,1035,1298,650;
103,0,1035,20000,18965;
284,1,1035,4545,3510;
104,0,1035,1886,1056;
285,1,1035,1492,767;
286,1,1035,4000,2967;
105,0,1035,1428,722;
287,1,1035,1204,608;
106,0,1035,1315,657;
288,1,1035,1639,860;
289,1,1035,2702,1741;
107,0,1035,1136,585;
108,0,1035,4347,3312;
109,0,1035,6250,5215;
290,1,1035,1234,600;
110,0,1035,2083,1204;
111,0,1035,1063,556;
112,0,1035,9090,8055;
291,1,1035,2500,1554;
292,1,1035,11111,10076;
113,0,1035,16666,15631;
293,1,1035,14285,13250;
114,0,1035,1785,966;
115,0,1035,1149,574;
116,0,1035,3571,2552;
117,0,1035,4000,2966;
118,0,1035,1123,575;
119,0,1035,1041,543;
120,0,1035,2631,1678;
121,0,1035,16666,15631;
294,1,1035,1612,837;
295,1,1035,1851,1017;
122,0,1035,1449,718;
296,1,1035,4000,2966;
297,1,1035,3846,2817;
123,0,1035,5000,3965;
298,1,1035,1250,609;
299,1,1035,4545,3510;
124,0,1035,1562,810;
125,0,1035,1515,783;
126,0,1035,1265,636;
127,0,1035,1136,578;
128,0,1035,1754,939;
129,0,1035,20000,18965;
300,1,1035,3030,2037;
301,1,1035,1030,534;
302,1,1035,4545,3510;
303,1,1035,1111,559;
304,1,1035,1515,783;
305,1,1035,2564,1618;
306,1,1035,50000,48965;
130,0,1035,1754,946;
131,0,1035,5263,4228;
132,0,1035,1428,719;
133,0,1035,16666,15631;
134,0,1035,1030,529;
135,0,1035,2941,1959;
136,0,1035,4545,3510;
137,0,1035,2857,1876;
138,0,1035,3225,2218;
139,0,1035,2380,1452;
140,0,1035,2173,1290;
141,0,1035,16666,15631;
142,0,1035,2222,1315;
143,0,1035,2380,1452;
144,0,1035,100000,98965;
307,1,1035,9090,8055;
145,0,1035,1052,545;
308,1,1035,2702,1732;
146,0,1035,1818,995;
147,0,1035,1000,532;
148,0,1035,33333,32298;
149,0,1035,2325,1413;
150,0,1035,1388,691;
151,0,1035,1123,573;
152,0,1035,4545,3510;
153,0,1035,1063,565;
154,0,1035,1369,687;
155,0,1035,1086,556;
156,0,1035,3030,2035;
157,0,1035,1234,621;
158,0,1035,1030,537;
159,0,1035,1098,558;
160,0,1035,1369,685;
161,0,1035,1063,553;
162,0,1035,1666,887;
163,0,1035,1111,573;
164,0,1035,1785,958;
165,0,1035,2380,1462;
166,0,1035,14285,13250;
167,0,1035,3448,2430;
168,0,1035,1851,1022;
169,0,1035,100000,98965;
309,1,1035,1098,556;
310,1,1035,2222,1323;
311,1,1035,1219,609;
312,1,1035,1086,562;
313,1,1035,2173,1282;
314,1,1035,11111,10076;
170,0,1035,1960,1094;
171,0,1035,3333,2323;
315,1,1035,1724,915;
172,0,1035,1369,696;
173,0,1035,4000,2967;
316,1,1035,1923,1076;
174,0,1035,4761,3726;
317,1,1035,5263,4228;
175,0,1035,1098,556;
318,1,1035,1020,535;
176,0,1035,1538,798;
177,0,1035,4347,3312;
319,1,1035,7142,6107;
178,0,1035,5882,4847;
320,1,1035,1234,621;
179,0,1035,1041,549;
321,1,1035,3125,2125;
180,0,1035,5000,3965;
322,1,1035,2500,1564;
181,0,1035,4000,2966;
323,1,1035,6250,5215;
182,0,1035,3225,2215;
324,1,1035,1000,534;
325,1,1035,2564,1625;
183,0,1035,2631,1680;
184,0,1035,4166,3132;
326,1,1035,1250,624;
327,1,1035,5000,3965;
328,1,1035,2380,1456;
329,1,1035,11111,10076;
185,0,1035,2272,1361;
330,1,1035,2500,1560;
186,0,1035,3030,2032;
187,0,1035,12500,11465;
331,1,1035,2564,1611;
332,1,1035,1000,534;
333,1,1035,11111,10076;
188,0,1035,1136,569;
189,0,1035,1282,639;
334,1,1035,2173,1278;
190,0,1035,1515,780;
191,0,1035,1515,776;
192,0,1035,1010,533;
193,0,1035,1136,578;
194,0,1035,1960,1106;
195,0,1035,10000,8965;
335,1,1035,2702,1739;
336,1,1035,1388,698;
337,1,1035,1388,705;
338,1,1035,2439,1502;
339,1,1035,8333,7298;
196,0,1035,6666,5631;
340,1,1035,1219,619;
341,1,1035,4166,3131;
197,0,1035,1408,704;
342,1,1035,1492,769;
198,0,1035,1111,559;
199,0,1035,6666,5631;
1035,33333,32298;
343,1,1035,3333,2318;
344,1,1035,11111,10076;
345,1,1035,5882,4847;
346,1,1035,1204,612;
347,1,1035,11111,10076;
348,1,1035,2173,1273;
349,1,1035,1428,722;
350,1,1035,1538,800;
351,1,1035,2083,1200;
352,1,1035,25000,23965;
353,1,1035,2941,1957;
354,1,1035,2222,1324;
355,1,1035,1162,592;
356,1,1035,1010,532;
357,1,1035,1282,640;
358,1,1035,1234,621;
359,1,1035,1492,765;
360,1,1035,1369,690;
361,1,1035,5263,4228;
362,1,1035,14285,13250;
363,1,1035,3448,2422;
364,1,1035,4000,2966;
365,1,1035,33333,32298;
366,1,1035,2222,1321;
367,1,1035,1492,766;
368,1,1035,1449,739;
369,1,1035,25000,23965;
370,1,1035,1351,674;
371,1,1035,2941,1957;
372,1,1035,1818,999;
373,1,1035,2439,1505;
374,1,1035,1098,561;
375,1,1035,1265,628;
376,1,1035,1562,798;
377,1,1035,8333,7298;
378,1,1035,1369,689;
379,1,1035,1123,570;
380,1,1035,2083,1204;
381,1,1035,2564,1620;
382,1,1035,3225,2220;
383,1,1035,1204,607;
384,1,1035,1265,638;
385,1,1035,25000,23965;
386,1,1035,1282,641;
387,1,1035,3125,2128;
388,1,1035,1162,585;
389,1,1035,1052,554;
390,1,1035,2040,1164;
391,1,1035,2325,1402;
392,1,1035,1098,563;
393,1,1035,1923,1077;
394,1,1035,3030,2033;
395,1,1035,1000,536;
396,1,1035,1724,925;
397,1,1035,1960,1097;
398,1,1035,20000,18965;
399,1,1035,5263,4228;
task took 47.980000 seconds
